4800.975707890724 1.0173934458530398 1.0103116565770034
4801.927265098354 1.0236056791425545 1.0094140291921685
4802.879010905379 1.015144875436727 1.0079375456691448
4803.830945349181 1.0042288977415121 1.0062792759888588
4804.783068467148 0.9973436028340942 1.0050341287089573
4805.735380296666 0.9986617798319136 1.0043457547256889
4806.687880875164 1.003157288570065 1.0042238385112452
4807.640570240028 1.0058016360304933 1.0043159672349495
4808.593448428673 1.013258714757832 1.0045927535001786
4809.54651547855 1.0118910386030298 1.0048694233979674
4810.499771427075 1.0008094114348198 1.005258420911427
4811.45321631168 1.0007879987720547 1.0056256038270277
4812.406850169812 1.0110915456458565 1.0061283486533876
4813.36067303895 1.008233056200126 1.0066862103834213
4814.314684956533 0.9945322494800434 1.0074905086664527
4815.268885960036 1.0007817859674233 1.0083174338479086
4816.22327608693 1.0224117286457104 1.009030339255286
4817.177855374715 1.0146033819607707 1.008981292918298
4818.1326238608835 1.0088029764905115 1.0078051857601797
4819.087581582918 1.0020752321828807 1.0050492963226787
4820.0427285783335 0.9756602752342818 1.0011941780070945
4820.998064884635 0.9733179615255879 0.9969885711126016
4821.953590539361 0.9774035733056062 0.9941229543970097
4822.909305580041 0.9825839396108238 0.9932490577630864
4823.865210044196 1.003240161783696 0.9939543862645489
4824.821303969366 1.0059296726034903 0.9950439429607686
4825.777587393124 0.9962050436239418 0.9957002313439
4826.734060353026 1.0032553263770683 0.9954754001030585
4827.69072288662 1.0085331958786456 0.9947050869430358
4828.647575031491 1.000947897305323 0.9936113318020827
4829.604616825228 0.9923854654361812 0.9927347110672854
4830.5618483054 0.992909914590936 0.9922690058406485
4831.519269509607 0.9862557474172277 0.9924937255907604
4832.476880475475 0.979822889430105 0.9929665185516606
4833.434681240591 0.9925221604243398 0.9932630316450877
4834.392671842572 1.001788823101689 0.9926514562166703
4835.350852319061 0.9864804156932468 0.9910068205901374
4836.309222707685 0.9689510566467507 0.9882114970384668
4837.267783046082 0.9663827577626943 0.9850202908326197
4838.2265333719015 0.9755577028538809 0.9819360923785553
4839.185473722799 0.9807262813007563 0.9795023430796272
4840.144604136436 0.9789183453191239 0.9777524571900351
4841.103924650495 0.9845969872311517 0.9767549849874586
4842.063435302626 0.9820640396813732 0.9760312955748788
4843.023136130549 0.9691103242423209 0.9751333780947141
4843.983027171923 0.971620571842436 0.9731778550637706
4844.943108464475 0.9646034343897223 0.9699051748495713
4845.903380045903 0.9604876742157502 0.9653914135135906
4846.863841953923 0.9535759202439373 0.9604891556690339
4847.824494226266 0.9431181194950856 0.9555457082428183
4848.785336900654 0.9508574984214478 0.9505156871261482
4849.746370014817 0.9699613444001214 0.9443076099369161
4850.7075936065 0.9584788516695357 0.9358760016562064
4851.669007713473 0.9262773798724064 0.9247829239106649
4852.630612373487 0.9191960444087571 0.9112161766745126
4853.59240762431 0.9215007091883193 0.8942498564143286
4854.554393503718 0.8958679517810209 0.8723810458791604
4855.516570049502 0.8480862596484507 0.842709324492239
4856.4789372994255 0.7970824615770087 0.8044416186509795
4857.441495291312 0.7523079085710593 0.7615241672110653
4858.404244062969 0.7232326987007401 0.7248621023526236
4859.367183652181 0.7103416275327413 0.7071685752336271
4860.330314096795 0.7120484149717263 0.7162476794415963
4861.29363543463 0.7386044664578387 0.748674305540979
4862.25714770353 0.7842247393464721 0.7932522757057956
4863.220850941311 0.8288742240191233 0.8369873624414339
4864.184745185849 0.8744429518758557 0.8733234178476947
4865.1488304749955 0.8971310827211011 0.8988450736031008
4866.113106846621 0.9066057510548012 0.9147320600941277
4867.077574338583 0.9262013493323255 0.924368781790358
4868.04223298877 0.9359018735882711 0.9296794800205789
4869.007082835078 0.941238802229703 0.933472142482596
4869.972123915385 0.9580271613415281 0.9382480181107038
4870.937356267594 0.9582455828104698 0.9453188121661923
4871.902779929632 0.9508638567310729 0.9540016978800724
4872.868394939416 0.9600587294624767 0.9625306226742767
4873.834201334848 0.9662954772774387 0.9695238240874037
4874.800199153885 0.9656399638300209 0.9747708654100644
4875.766388434467 0.9612892972672926 0.9789768255093149
4876.732769214516 0.9736377822202158 0.982821527451514
4877.699341532015 0.9833340390756974 0.9864520369443364
4878.666105424916 0.9758692222777416 0.9893226680477097
4879.633060931199 0.9776234485408943 0.9912197907813144
4880.600208088825 0.9924425124164041 0.9922970136141304
4881.5675469357775 1.0047812532740448 0.9927983530968026
4882.535077510078 1.0078565410654652 0.9928794279572738
4883.5027998497 0.996832891701858 0.992686054242365
4884.470713992651 0.9828849925054578 0.9922091279093985
4885.438819976974 0.9883883407605571 0.9912570780537634
4886.407117840665 1.0024149782708573 0.9895286048491615
4887.375607621763 1.0025263880248678 0.987263347762254
4888.344289358315 1.000933745720639 0.9856612194361124
4889.313163088342 1.0085860072051083 0.9864688499707314
4890.282228849931 1.017824247798721 0.9909788264906767
4891.251486681107 1.0246877820951958 0.9981968842970621
4892.220936619975 1.027199851197577 1.0055792979176983
4893.190578704575 1.0127105759156778 1.0113647241838197
4894.160412973027 1.002035605846519 1.0145488851310411
4895.1304394633835 1.0085202917792793 1.0153823950711953
4896.1006582137725 1.0101507143207007 1.0144549365854065
4897.071069262299 1.0241302187831811 1.012630717129219
4898.04167264705 1.0141487815870789 1.0105054318577846
4899.012468406174 1.0052567520779376 1.0086406729528008
4899.98345657779 1.0132300460874502 1.0073005176932954
4900.954637200044 1.018824179214946 1.0068002880451519
4901.926010311053 1.0280520342995658 1.0072210135871067
4902.897575948994 1.0246234450447986 1.008451929028099
4903.8693341520175 1.0088489805580767 1.0097165820994702
4904.8412849583 1.0036737759965313 1.0102834593290229
4905.813428405998 1.012865560272989 1.009787712176142
4906.785764533309 1.0189904001942687 1.0085228126189856
4907.758293378406 1.019097956925781 1.0071455360307486
4908.731014979487 1.018639285881631 1.006398947570834
4909.70392937477 1.0172339578597356 1.006580307142598
4910.677036602471 1.0118245987272971 1.0075346034436679
4911.650336700782 1.00923410047958 1.008677140287616
4912.623829707956 1.0092273423271414 1.0092972371943858
4913.597515662227 0.9987996183908971 1.0086747625215817
4914.571394601813 0.9825787251398619 1.006127028020455
4915.545466564997 0.9824376260098631 1.001805639011074
4916.519731590011 0.9869374902580832 0.9968633813615903
4917.494189715128 0.9796503353195548 0.9925689296311633
4918.468840978622 0.9766304293016852 0.9902267557328714
4919.443685418764 0.9847957672477912 0.9901495427836231
4920.418723073859 0.9972327818184745 0.9919314731978818
4921.393953982192 1.001533923078436 0.9947151122261261
4922.369378182069 0.9914452518095425 0.9979899954544438
4923.344995711807 0.9903072019596658 1.001416403213272
4924.320806609699 0.9907129788523035 1.0047995727030652
4925.296810914105 0.9877247339780288 1.0077267490574646
4926.273008663341 0.9934734318047714 1.0099039138661916
4927.24939989574 0.9982980146296999 1.0109450822592465
4928.225984649658 0.9956404110447162 1.0108480498783072
4929.202762963452 1.0009736757100947 1.0097848451457971
4930.179734875486 1.0064350318099404 1.0081017543025392
4931.15690042413 1.0052595539963158 1.0063112244578767
4932.134259647755 1.0030346346364984 1.0049514254312757
4933.111812584774 1.0065590169953895 1.0041649436885782
4934.089559273546 0.9890227315485368 1.0037327975860049
4935.067499752508 0.9724355552702634 1.0032954177650046
4936.045634060034 0.9810826398470565 1.0028771267323695
4937.023962234566 0.9892292009097939 1.00283853402093
4938.002484314522 0.9875274641336174 1.0036041185722877
4938.981200338334 0.9874084150528386 1.005024587077174
4939.960110344449 1.0080458072646792 1.0066097891431793
4940.939214371298 1.0255713598064644 1.0078751290197763
4941.918512457336 1.0172117429168297 1.0086094108846413
4942.898004641052 0.9981552254693355 1.0088489145832211
4943.877690960889 0.9969904238140335 1.0088283227416475
4944.857571455335 1.019900483845984 1.0087516153435363
4945.837646162875 1.0314422420232083 1.0087444921758753
4946.817915122012 1.0151607839612762 1.0087697433637406
4947.798378371227 0.9997993356479985 1.0087660689714744
4948.77903594904 1.0054488497677525 1.0086270136290971
4949.759887893965 0.9978919837561964 1.008281296389333
4950.740934244526 0.9890889549761555 1.0076113468181214
4951.722175039246 1.0004044058026973 1.006517734381955
4952.703610316683 1.007975687072923 1.0049635905437682
4953.685240115381 1.002599907665882 1.0031682484804554
4954.667064473878 0.9921799506831023 1.0015969945557515
4955.649083430744 0.9849876249117651 1.0008205507786512
4956.631297024541 0.982471678857498 1.001099035145325
4957.613705293862 0.9887637429308798 1.0022107694192466
4958.596308277285 1.0070265270402126 1.0035777106142452
4959.579106013402 1.0175282085604545 1.0046586385501022
4960.562098540821 1.0099898384620989 1.0051565015391442
4961.545285898133 0.9986597457556857 1.005175654465504
4962.528668123962 0.9930057284672468 1.0049234770100635
4963.512245256931 0.9889773207293489 1.0045984268151265
4964.49601733567 0.994667951207903 1.0043438133634608
4965.479984398819 1.0097362494525133 1.0042465853547602
4966.464146485024 1.0163986780182908 1.0042955265517644
4967.448503632937 1.0057187922410633 1.0044532258988688
4968.433055881221 0.9917482625354057 1.0046547177789509
4969.417803268544 0.9997841851883313 1.0048733507847258
4970.402745833584 1.0159945087597104 1.005055694066338
4971.387883615023 1.0125039085951741 1.0051672573918993
4972.3732166515565 1.0032436191318461 1.005182984801861
4973.35874498189 1.007667714542148 1.005095430580431
4974.344468644706 1.015272310023452 1.0048812605650441
4975.330387678745 1.0173537653422313 1.004541637627669
4976.316502122722 1.0157896284110268 1.0040723091165704
4977.302812015367 1.0118145565906829 1.0034965538211393
4978.289317395418 1.0088334682988553 1.00283379400468
4979.27601830162 1.0025462807340515 1.002154770362224
4980.2629147727275 0.9916208229795633 1.0015694773907933
4981.250006847511 1.000118407269287 1.0012702847435806
4982.237294564719 1.005917618631174 1.0013295656122614
4983.224777963141 1.0087129222567666 1.0016897291521574
4984.212457081557 1.0298824186762454 1.0022099140663212
4985.200331958769 1.038878167936631 1.0027106762645233
4986.188402633561 1.0271465561627748 1.0030322540694088
4987.176669144737 1.0126632403506848 1.00311816980841
4988.165131531141 1.0111790149251176 1.0030145541755862
4989.153789831559 1.0131842914128837 1.0028486302621726
4990.142644084848 1.0024809960139578 1.002723929268826
4991.131694329847 0.9911207644784649 1.0027019874412573
4992.120940605373 0.9911840817559548 1.0027647708242948
4993.110382950317 1.0117229558585408 1.0028664192044008
4994.100021403504 1.0360408367644784 1.002911374369121
4995.089856003837 1.0346103755561291 1.002793112438047
4996.079886790168 1.0083496806396022 1.0024404445177664
4997.070113801379 0.983864027269438 1.0019174408224534
4998.060537076391 0.9881918730889212 1.0013747174902625
4999.051156654066 1.0188593237394334 1.0009719302950422
5000.041972573339 1.015955530730884 1.0007154930198987
5001.032984873116 0.9994880680955391 1.000482439612286
5002.0241935923295 0.9878485594662318 1.0001148500880643
5003.015598769882 0.9837466988184301 0.9996378167519528
5004.0072004447475 0.9927349842672868 0.9992581259214801
5004.998998655846 0.9984535742720917 0.999224207010275
5005.990993442139 0.9982397687761484 0.9995513560649755
5006.983184842598 1.002648810261247 0.9999850034424353
5007.9755728961645 1.0082908745664358 1.0001182126560924
5008.9681576418425 1.002568758893567 0.999709247070989
5009.960939118616 1.0012952871072671 0.998780100531116
5010.953917365459 1.005485387492324 0.997741316530753
5011.947092421382 0.991592961802767 0.9969637248861569
5012.940464325382 0.9971428727031629 0.9965562846136655
5013.934033116494 1.0065300056038322 0.9964428344882428
5014.92779883374 1.0021921162128746 0.9964816599960415
5015.921761516133 1.0033691266666986 0.9966217000352755
5016.9159212027225 0.9890386979613206 0.9969416061210833
5017.910277932543 0.9828998139499572 0.9974717267084369
5018.904831744678 0.9836228080071727 0.9981627838894941
5019.899582678151 0.9799377309510771 0.9988335163361066
5020.894530772061 0.9880612967005167 0.9993706935377646
5021.889676065475 0.992200125784219 0.9997773481552729
5022.885018597488 0.981450343532325 1.0000299728703819
5023.880558407173 0.9892078320445801 1.000106515232702
5024.8762955336515 0.9979104454403999 1.0000880609716232
5025.872230016012 0.9973657861085105 1.000134919696356
5026.868361893378 0.9972258947837079 1.000397822787233
5027.864691204868 1.0003698140594528 1.000888707857064
5028.861217989638 1.0030728702081857 1.0014870643908025
5029.857942286792 0.9888097950042507 1.0019137211991533
5030.854864135515 0.9881184986757942 1.0019362204195488
5031.851983574922 0.999868122420942 1.001416191890108
5032.849300644215 1.0044685276378227 1.0003889733706255
5033.846815382526 1.0020621870212238 0.9990372766323812
5034.844527829062 1.0004005061680976 0.9975349809644538
5035.842438023 1.0057842080081454 0.995835206250838
5036.840546003541 1.0070479788930828 0.9938598371054168
5037.83885180986 1.0043291620053771 0.9917897798096583
5038.837355481194 0.9869592703997381 0.9905421065450093
5039.83605705676 0.9833505934405389 0.9909217263779886
5040.834956575764 0.997752180579777 0.9928906064266356
5041.834054077448 1.0201756819909606 0.9957928657496304
5042.833349601044 1.0222713567777888 0.9985285950649725
5043.832843185825 1.024377421497591 1.000207152722099
5044.832534871022 1.0208295447305 1.00034993255697
5045.832424695907 0.9903917511441446 0.9990941861509388
5046.8325126997515 0.991129427259222 0.9969423210779286
5047.832798921834 1.0021361489393048 0.9950128227861389
5048.833283401443 1.0068536019897354 0.9941935118126324
5049.833966177872 1.0194814825204876 0.9946149522765414
5050.834847290424 1.0263310785683304 0.9960843746397783
5051.835926778409 1.0134301015665133 0.9980150334715301
5052.8372046811455 1.0001860867499612 0.9998737592368293
5053.83868103796 1.001853152233776 1.0013089762606306
5054.8403558881855 0.9999174339487357 1.0023011394573726
5055.842229271173 0.9781774818864751 1.0029524063640596
5056.844301226244 0.9766529879189694 1.003369287428003
5057.846571792784 0.9851819276339233 1.0035309086777862
5058.8490410101485 0.9877547154650093 1.0033219539247578
5059.851708917709 0.9965053271874894 1.0025022623439368
5060.8545755548475 1.0139001035626911 1.001028217820265
5061.857640960952 1.0056800278520461 0.9991572505392556
5062.860905175428 0.9997285880887206 0.9974555274050959
5063.8643682376605 1.008091679938048 0.9963520226690845
5064.868030187071 0.9982111698317825 0.9959667496674872
5065.871891063079 1.0005124216382182 0.9960678896591082
5066.8759509051115 1.0108851228922235 0.9964249212209871
5067.880209752614 1.0135383857294353 0.9969094615585636
5068.884667645001 1.0136390904554573 0.9973959929302112
5069.88932462175 1.0127635001769348 0.9977537283994319
5070.894180722314 1.009717843237898 0.99797524604361
5071.899235986155 1.0031770155405326 0.9980838118606823
5072.904490452759 1.0024489325077608 0.9979290649479756
5073.90994416159 1.0195103693241419 0.9971332648819382
5074.915597152138 1.019094088744973 0.9954009950015024
5075.921449463926 0.9956676157847971 0.9927530669791511
5076.927501136426 0.9821422108263446 0.9897876947064279
5077.933752209186 0.9915781581115415 0.9874346697637758
5078.940202721702 1.0049953063180401 0.986462875183095
5079.9468527135 0.9965254852179631 0.9870305872789094
5080.953702224138 0.9902435287113064 0.9889078937768933
5081.960751293151 0.9876360032051771 0.9916737900204001
5082.967999960099 0.9686182176454011 0.9946410617263922
5083.975448264527 0.9723262646084503 0.9972294144438196
5084.98309624601 0.9894326619348333 0.9991438221652764
5085.990943944135 0.982377119796465 1.000324112443345
5086.998991398466 0.987493247454381 1.0010628888379633
5088.007238648606 0.9953897446934655 1.0016809386838783
5089.015685734154 1.0020758030702797 1.0023705797754006
5090.0243326947075 0.9940705738602394 1.0030298960303001
5091.03317956991 0.9974072866131095 1.0032382445851926
5092.042226399348 1.0150676136052235 1.0025379285019946
5093.051473222689 1.0133096743462906 1.0007832980944684
5094.060920079536 0.9895249385497082 0.9981862092649232
5095.070567009572 0.981783214277737 0.9953890350176482
5096.080414052424 0.9815853105445119 0.9932605441496598
5097.090461247764 0.99122455407833 0.9925495001016492
5098.100708635262 0.976170824626861 0.993608426070477
5099.1111562545975 0.9605356461584684 0.9957198676644374
5100.121804145446 0.9815795174931526 0.9975081718688825
5101.132652347528 0.9880041274272889 0.9981373122489294
5102.143700900521 0.9753824764856146 0.9971644019356052
5103.154949844142 0.9688637683766836 0.9947900510038894
5104.166399218108 0.9834823055522373 0.9915333649144621
5105.178049062146 0.9883479562702966 0.9883368336742824
5106.189899415987 0.978845519167003 0.9861048624043904
5107.201950319375 0.9837978151172319 0.9857701119133138
5108.214201812067 0.9888633288034092 0.9874963604409831
5109.226653933802 0.9853662146945371 0.9908140233103364
5110.239306724343 0.9869385726826199 0.9950276515849686
5111.252160223484 1.0037899633743521 0.9992472602082288
5112.265214471003 1.0008114134197816 1.0027720246455951
5113.278469506662 0.9937610919863681 1.005312454376818
5114.291925370295 0.9961915570625803 1.0069287108823433
5115.305582101668 0.9971255439305288 1.0076286542292778
5116.319439740621 1.0051976518748449 1.007343328571144
5117.333498326966 1.0150818500855638 1.006060158538733
5118.347757900539 1.0078198125013034 1.003662864912819
5119.362218501149 0.9877672995524556 1.0003052897585625
5120.376880168676 0.9840211924972583 0.9963565554374283
5121.391742942944 0.9775053870734437 0.9925752905509746
5122.406806863813 0.9760926265371757 0.9896059569356086
5123.4220719711675 0.9817149303346755 0.9880049553068795
5124.437538304885 0.9845577939882116 0.9875561988981312
5125.453205904837 0.9910951948536857 0.9878029638325699
5126.469074810908 1.0006393181798174 0.9888461901440451
5127.485145062995 0.9953268517301705 0.9908336597276779
5128.501416701024 0.9911181399871322 0.9936501736610706
5129.517889764901 1.0081793227560556 0.9967649343572142
5130.534564294559 1.0153227177950126 0.9995165946196728
5131.551440329908 0.9990054467954856 1.0012685910128907
5132.568517910896 0.9888742138391644 1.0017840051292224
5133.585797077461 0.9895497550593618 1.0008443712015649
5134.603277869577 0.9959660482531082 0.9983114380759369
5135.6209603272055 0.9956098049066626 0.9947271735273601
5136.638844490298 0.9823119474757848 0.9913025532198224
5137.656930398832 0.9731065725515717 0.9891840408242946
5138.675218092813 0.9854113490612944 0.9887997904383172
5139.693707612226 1.0127414883448538 0.9896211642987277
5140.712398997072 1.0145314388811362 0.9909696063121769
5141.7312922873625 1.0012152631392675 0.9925949578091051
5142.750387523123 1.0024819311248074 0.9941709854578997
5143.769684744352 1.0133707911558134 0.9952913723073571
5144.789183991121 1.023475910768721 0.9956995486164111
5145.8088853034515 1.0020674686370477 0.9953304427301333
5146.8287887213755 0.9903914755405192 0.9942404155341352
5147.848894284988 1.000006855851951 0.9925950758978276
5148.869202034326 1.004245095484484 0.9908005595495151
5149.889712009472 1.0066454853745428 0.9897019720097776
5150.910424250498 0.9943463545174276 0.9900817146190585
5151.931338797523 0.9897096756194174 0.9922256655038293
5152.9524556906035 0.9978246120599705 0.996009364083992
5153.973774969875 1.014651943403386 1.0005162735526976
5154.995296675441 1.0077309942707688 1.0043623657377927
5156.017020847423 0.9827804861034363 1.0069498229564098
5157.038947525948 0.9835085455772709 1.0079338265765587
5158.061076751164 1.0119111719447584 1.007414290481445
5159.083408563198 1.0306868340547852 1.0054260149747047
5160.10594300221 1.0052189077155846 1.0017999516430114
5161.1286801083525 0.972077620370509 0.9954164432931578
5162.151619921813 0.9573589777794606 0.9857316987541948
5163.174762482759 0.9509928934069105 0.9730153886648736
5164.198107831386 0.9438878916351947 0.9592158095847577
5165.221656007865 0.9375695496012643 0.9481694087817049
5166.245407052407 0.945975180598321 0.9428728561630427
5167.269361005231 0.9574949230772091 0.9431301694908036
5168.293517906535 0.9473871879224789 0.9459516663001504
5169.317877796542 0.9443485737149031 0.948618832408696
5170.342440715514 0.9557137304872245 0.9521203916171477
5171.367206703654 0.9603209210615692 0.959452729607899
5172.392175801247 0.9621629381585434 0.9711599215969025
5173.4173480485215 0.9743380247951623 0.9847966344231106
5174.442723485742 0.9812553523342754 0.9965669399330123
5175.46830215321 0.9847635506583986 1.0040755750183685
5176.494084091177 0.9867911426747832 1.0060394556075989
5177.52006933994 0.9858776801006237 1.0026262150083916
5178.546257939787 0.988148178957296 0.994851394510357
5179.572649931041 0.9829941179884686 0.984026235843648
5180.599245354015 0.9699619206922792 0.9736577224198134
5181.626044249009 0.9617078812749063 0.9679633107563439
5182.653046656362 0.96450894100095 0.9703919807173382
5183.680252616409 0.9791173664557807 0.9794810844816509
5184.707662169486 0.9963953583972605 0.9898396245668983
5185.7352753559735 0.9958033104826194 0.9975234241999011
5186.7630922162125 0.9956039640937446 1.0011838334728853
5187.791112790562 1.0089237920475684 1.0012049023005052
5188.819337119398 1.014863644692932 0.9988975648397523
5189.847765243125 1.009113405193539 0.9958342972878461
5190.876397202124 0.9989895032788437 0.9941330436257096
5191.905233036797 1.003133706607762 0.9949489254261079
5192.934272787551 0.9979114836852487 0.997738570611236
5193.963516494803 0.9993833539835361 1.0015520644864824
5194.9929641989775 1.0392278056735806 1.0054160416247249
5196.022615940516 1.0528691631207643 1.008672122397225
5197.05247175983 1.0419827184221133 1.0108538395002071
5198.082531697407 1.026120383887336 1.0113257469411696
5199.112795793673 1.0095905695148104 1.0096727623394144
5200.143264089104 1.0226771842454179 1.0059933664179785
5201.173936624163 1.0255485948968603 1.0007039445811863
5202.204813439347 1.007999608499435 0.9948249202404514
5203.235894575147 0.9894422923815326 0.989661401082932
5204.267180072029 0.9830957935081904 0.9862680535725334
5205.298669970537 0.9904592046853625 0.985496112140275
5206.330364311155 0.9922493675430339 0.9874597700352015
5207.3622631344215 0.9925155948220251 0.9916560436624504
5208.394366480838 1.008206699285995 0.9975823825828274
5209.426674390978 1.0315038823717468 1.0039216242251503
5210.459186905358 1.0268166762375377 1.009136395530512
5211.491904064532 1.0085568031013148 1.0118347955969424
5212.524825909078 1.0085040775680172 1.0118892826320303
5213.557952479556 1.0090558332465798 1.0108154295595195
5214.591283816542 1.0019483184610227 1.0104728527126836
5215.6248199606225 1.009329008368705 1.0116883769905967
5216.658560952399 1.0247252176098365 1.0141738264274993
5217.692506832454 1.027482334047225 1.0168484622919143
5218.726657641405 1.033510582572923 1.0183794139199036
5219.76101341986 1.0322889815177678 1.0176649164673648
5220.795574208473 1.0178459991544195 1.01443469402505
5221.830340047849 1.0119414462774974 1.008915262895051
5222.865310978637 1.0046180168247332 1.0022582810020004
5223.900487041489 1.0030230108509663 0.9965168178223358
5224.935868277051 1.0086673394376315 0.9941271022285717
5225.971454726007 0.9952419879631688 0.996250116610844
5227.0072464290315 0.9990461699202247 1.0011210794470697
5228.043243426787 1.0044073707177317 1.005723257013084
5229.079445759981 1.0029608447261995 1.0082453385592212
5230.115853469284 0.99000630916873 1.0085968829368457
5231.152466595429 0.9821336362521123 1.0082297726049696
5232.189285179132 0.9920828899214198 1.0089157168244098
5233.226309261093 0.9974666130634228 1.0112142208233332
5234.263538882053 1.009148402731276 1.0141431027232444
5235.300974082749 1.0257779047582842 1.0166696963618773
5236.338614903919 1.0267549897030952 1.0181271531698441
5237.376461386344 1.0190728171294499 1.018652035256309
5238.41451357075 1.0120839772681538 1.0186453630776784
5239.452771497935 1.0102151811777837 1.0185639458401314
5240.491235208668 1.0163819550412245 1.018456648100172
5241.529904743744 1.0163387435570745 1.0181227789106986
5242.568780143939 1.0114807643435526 1.0171944162086684
5243.607861450057 1.0112799294768555 1.0155482803967977
5244.647148702926 1.0053705615972768 1.0133663154666208
5245.686641943365 0.9995245965754712 1.0111256890914557
5246.726341212183 1.0 1.0094376296544922
5247.7662465502235 1.0042603618201633 1.008595243738597
5248.80635799833 1.0110224750015666 1.0084506232332147
5249.846675597363 1.0125882397571944 1.0090035035789908
5250.887199388154 1.0172865438649716 1.0099164663028184
5251.927929411608 1.001181495700828 1.0111091200166606
5252.968865708571 0.9930797519010782 1.012549647007256
5254.010008319927 1.01543822117881 1.0143194358986254
5255.051357286597 1.0121837885526963 1.0161053248830592
5256.092912649442 1.0036446012836777 1.0171935064405346
5257.1346744493985 1.0055004319751604 1.0167574437330087
5258.176642727383 1.0034004762475222 1.0143478100754029
5259.2188175243 1.0095151433086924 1.0100514001226621
5260.261198881092 1.0093184590447593 1.0051036256479289
5261.303786838689 0.9945486692733857 1.000510355589198
5262.346581438069 0.9794344431264888 0.9968138835044994
5263.389582720149 0.9753986009246204 0.9941613995086649
5264.432790725932 0.9801829155103883 0.9921128460863303
5265.476205496364 0.9928419843527347 0.9897754854422708
5266.519827072424 1.0108299932456206 0.9873615355070278
5267.56365549513 0.9965651365105932 0.9863570747885156
5268.607690805452 0.984356425439374 0.988077209238536
5269.651933044412 0.988788097611996 0.9926784016791006
5270.696382253006 0.9872661003886865 0.9984825843364556
5271.741038472255 0.9989109203893821 1.003892157087047
5272.785901743218 1.0226046004955343 1.0078661178083803
5273.8309721068945 1.0220177159336576 1.01081468140685
5274.876249604358 1.0115145217742072 1.0137211919489053
5275.921734276653 1.0136153776813712 1.0161577777126491
5276.967426164853 1.0129721294576621 1.0174406680024164
5278.013325309998 1.0151424830165776 1.0167807336749266
5279.059431753207 1.0040402306931349 1.0146803051416016
5280.105745535525 1.0073749037247584 1.0126607632430535
5281.152266698087 1.0157342234203501 1.0121526574706168
5282.198995281968 1.0173036703818796 1.013844519171538
5283.245931328287 1.0275897114153314 1.0174187576444833
5284.293074878155 1.0289549109858769 1.0217938156594648
5285.340425972717 1.0250965132501806 1.0255327600491029
5286.3879846531 1.0265314513021377 1.027818146315021
5287.435750960447 1.036917905285367 1.0291683089874388
5288.483724935921 1.0363416680335162 1.029907921832871
5289.531906620661 1.0272048044956914 1.0302188858226096
5290.580296055855 1.027831864843088 1.02979908809856
5291.62889328266 1.0294668180500843 1.0283815081603107
5292.677698342271 1.0296541225956262 1.0258281421504651
5293.726711275879 1.0303799078670581 1.0224446955392332
5294.775932124686 1.0303673260451203 1.0189724148315769
5295.825360929891 1.0252728697303137 1.0167767785965822
5296.87499773273 1.0160659830583159 1.0167276545631048
5297.924842574419 1.009536781965633 1.018857402688724
5298.974895496192 1.0238571768465161 1.0221177116945166
