4000.9246757820265 0.63457505114516 0.949495587607189
4001.7741625960807 0.9201760347590044 0.9493179017571882
4002.623829775409 0.763827985522246 0.9363667268005266
4003.473677358292 0.8761694856921404 0.9083009701296383
4004.3237053830494 1.1873205978532169 0.8883198138707047
4005.1739138879775 1.294657407555017 0.9026412543323827
4006.0243029114113 1.216226251190758 0.9442396357058955
4006.8748724916713 1.4081381891198295 0.9834967188507321
4007.725622667087 1.4343149425936101 1.002320016134198
4008.5765534760167 1.1713125128823116 1.0066103950638294
4009.4276649568064 0.7930574816055627 1.0044824054458734
4010.2789571478165 0.48195282742659534 0.9948182271316239
4011.1304300874085 0.36061075657345854 0.9858583425402705
4011.982083813967 0.424785458850735 0.9898560511925792
4012.833918365892 0.7701777899727139 1.0029743344248625
4013.6859337815467 0.9949627588582568 1.0178221595556
4014.538130099348 0.761864378387649 1.0260819238081562
4015.390507357712 0.5143168266101431 1.023623723251371
4016.24306559505 0.5972785652766188 1.0217903578358354
4017.0958048497805 0.8890026557098217 1.0360039573128619
4017.948725160352 1.1280161918482539 1.060092414213505
4018.801826565199 1.554267912863396 1.07388688634266
4019.6551091027654 1.2491317380645168 1.069128122332427
4020.508572811524 1.1467505963343945 1.0569344035576609
4021.3622177299344 1.2087691436849248 1.0464712869492634
4022.216043896471 1.196801379244909 1.0350081609160138
4023.0700513496104 1.226249776159012 1.0211378955004455
4023.9242401278575 1.2754971401517605 1.0215586954058962
4024.778610269705 1.1295795077424466 1.0476805887869538
4025.6331618136537 1.2160630032890731 1.0790661317397492
4026.4878947982256 1.3163809968646658 1.0902555436346062
4027.342809261953 1.3515016263610415 1.078913401709313
4028.1979052433594 1.3219258222015633 1.0467038619958544
4029.053182780986 1.2245803797014048 1.006443278549506
4029.908641913374 1.2727180716634532 0.98295444214576
4030.764282679095 1.1465627070034816 0.9827493929268153
4031.6201051166986 1.0414448481575422 0.9950619842582092
4032.4761092647796 0.9993375779523982 1.0142101184694055
4033.3322951618907 0.8993848828348354 1.0369216219253068
4034.1886628466427 0.6599865900237806 1.0624845955944036
4035.045212357626 0.5927024665071414 1.0903281031179992
4035.90194373344 0.9862769968885559 1.1157507944740015
4036.7588570127123 1.1869390835222544 1.1301407399622752
4037.615952234051 1.2305991134897984 1.130203834231738
4038.4732294361 1.2408580890070955 1.1189536133233526
4039.3306886574924 1.2685020774853188 1.107161235388642
4040.188329936867 1.2540185566405522 1.1067764551700896
4041.046153312893 0.9554456960853793 1.1172456720265511
4041.9041588242267 1.0960182039025557 1.113147090847083
4042.762346509532 1.2887525246590439 1.0709023303362433
4043.6207164074967 1.442151071800006 1.0040379400382884
4044.4792685568145 1.5260415703967292 0.9691695068641806
4045.3380029961754 1.3999307238400862 1.002548248078146
4046.196919764276 1.0244872786922834 1.0638876143419231
4047.0560188998506 0.7944552266383709 1.0993528520009597
4047.915300441591 1.227639848952785 1.1095429192255621
4048.774764428241 1.6939194563732445 1.1161942528418696
4049.6344108985513 1.4536283888976316 1.1173610353764065
4050.4942398912394 1.1201975373782265 1.1033497697650547
4051.35425144508 0.9846718961018658 1.0797138399362285
4052.2144455988278 1.0327911691165785 1.0599128101327082
4053.0748223912456 1.038685592430717 1.0516270156434668
4053.9353818611194 1.48279061320929 1.0532160117894218
4054.7961240472428 1.6858546717716985 1.0562433039150196
4055.657048988403 1.1313512610115806 1.0520789992167234
4056.5181567233963 0.805963972030169 1.0468004899477776
4057.379447291048 0.7823451591581924 1.0565530303551889
4058.2409207301707 0.7644662921981492 1.0827889714007701
4059.1025770795845 0.5455105536569919 1.1043139769415273
4059.9644163781404 0.8300520355696671 1.0988475515342824
4060.826438664668 0.9056084429178477 1.0598292735711372
4061.688643978034 0.6479354100834435 1.0073916193287518
4062.551032357092 0.45368699418230035 0.9855444234404402
4063.4136038407114 0.46224650172171133 1.0157686626312137
4064.2763584677614 0.732399082778284 1.051075574398572
4065.139296277143 1.2030925217707262 1.050933089168978
4066.002417307742 1.123166878477364 1.0431385302792582
4066.86572159846 0.7076181083996734 1.062364756282015
4067.729209188201 0.994968239079104 1.0912431869920298
4068.5928801158975 1.0065225700534144 1.0897801203061712
4069.456734420462 0.9188995251814814 1.05321029493251
4070.3207721408367 0.9963667907681231 1.0203669370803234
4071.1849933159724 1.2933671656110475 1.0234249489127192
4072.049397984813 1.401214750030539 1.0498075549581987
4072.9139861863114 1.7794132846015227 1.0615598722579482
4073.7787579594574 0.984791123926232 1.0379795573114323
4074.643713343198 0.6287293050357409 0.984652030207144
4075.5088523765335 0.8742604632884425 0.9274817501131721
4076.374175098463 1.0850861718501639 0.9009265380845909
4077.2396815479815 0.8521972024029338 0.9225055225179715
4078.1053717640975 0.7674307618895212 0.9721806255662614
4078.971245785822 1.3534471490116573 1.0160088314818347
4079.8373036521957 1.3055435188191487 1.0364554403921684
4080.7035454022457 0.8998272267281655 1.0314863294824426
4081.5699710750146 0.710171664568621 1.005810890977114
4082.436580709546 0.8117007879424505 0.973354225981652
4083.3033743449137 0.953403558658131 0.9468254005291002
4084.170352020171 0.8360997091006255 0.9320598014428636
4085.0375137744077 0.7312417791231506 0.9308500056837304
4085.9048596466937 0.47327732062166894 0.9383674134189348
4086.7723896761363 0.39414021915686387 0.9408122442710364
4087.640103901821 0.49670334761803464 0.9283980184244386
4088.508002362872 0.6224448919242225 0.9033477387597346
4089.3760850983995 0.7726290781578116 0.874563195266171
4090.244352147528 0.9448416030449676 0.8447941032367131
4091.1128035493853 0.9943203052887615 0.8156629451607166
4091.981439343128 0.8603515240417152 0.7891179788279521
4092.8502595678992 0.7340516203223851 0.7583531195775115
4093.7192642628575 0.6327422188913523 0.7134992479506592
4094.588453467163 0.5918442488587149 0.6594803272429822
4095.457827219999 0.5978691930609615 0.6070629357300981
4096.327385560557 0.5686343441202285 0.5593494109869168
4097.19712852802 0.45232610296952264 0.5101209054491758
4098.067056161582 0.400461869819983 0.4502236887083453
4098.937168500467 0.40856467279604936 0.37601703883130777
4099.807465583885 0.4182305651610568 0.3076234413314475
4100.677947451052 0.21666534243377195 0.2833741455199815
4101.548614141219 0.26485960861370866 0.3219892257601945
4102.419465693621 0.45272527602636836 0.3994403080519854
4103.290502147498 0.5569348222643159 0.4806939839881086
4104.161723542126 0.5398997353324338 0.5510666961990478
4105.033129916765 0.718694296538679 0.6103107084551296
4105.9047213106805 0.7657037428021289 0.6575608962244527
4106.776497763174 0.8028698540158193 0.6939456732633627
4107.648459313521 1.0519580739098802 0.7207232075723432
4108.520606001037 1.2212579006089568 0.7420163550750956
4109.392937865025 1.2841005787815754 0.7660084496544306
4110.265454944792 1.1766149323490032 0.7981560354111175
4111.13815727968 0.7202348934547477 0.836859418478962
4112.011044909015 0.6441547716641377 0.880676094151816
4112.884117872133 0.9844322750593772 0.9231043634569346
4113.757376208398 0.9111929272570629 0.9578330526303849
4114.630819957161 0.786986154987036 0.9848280653329624
4115.504449157791 0.7233573988573543 0.9980368885487303
4116.378263849655 0.726615054008654 0.9915119171567536
4117.252264072153 0.7521700145446943 0.9795606336517038
4118.126449864668 0.7827303112445615 0.9856379245794589
4119.000821266594 1.0533183468784963 1.009807121794788
4119.875378317357 1.0069336622067653 1.0287972469450126
4120.750121056364 0.9734372725995245 1.0336791698298906
4121.625049523035 1.0113369739618783 1.0388079585424703
4122.500163756819 0.9155519153438436 1.0562809457943252
4123.375463797143 0.8575307090494657 1.0774035688074564
4124.250949683474 1.0630911386138475 1.0842354991727865
4125.126621455255 1.374210972048845 1.0702023926700635
4126.00247915197 1.075621267089495 1.0467973754214057
4126.878522813086 0.931086721575629 1.0318771187505626
4127.754752478089 0.7784914897581544 1.03336022762503
4128.631168186464 0.6638988796587362 1.0413651716119139
4129.507769977727 0.8138626416213441 1.042473039531329
4130.384557891379 1.0097681998026307 1.0364430659155608
4131.261531966931 1.0073095870801956 1.0381459025759003
4132.138692243919 0.9301848713821982 1.0569204811425004
4133.016038761883 0.8853042440138086 1.086092472022373
4133.893571560359 1.03398769226268 1.1165584592981324
4134.771290678899 1.263123454192985 1.1417372116696858
4135.6491961570555 1.5018121354540626 1.1534225133813072
4136.527288034412 1.4776563925276662 1.1600211961515998
4137.40556635053 1.1771427296062653 1.1734973629192775
4138.284031145016 0.9466938476176741 1.187342128246833
4139.162682457436 1.183730312375777 1.1895655371860028
4140.041520327412 1.2889656391506341 1.1739811529153366
4140.92054479455 0.9282566285610725 1.1360302469981123
4141.799755898458 0.969221221465758 1.090527770847566
4142.679153678772 1.142282139311769 1.0742463692635036
4143.558738175136 1.2299096200388777 1.0999625952548642
4144.438509427185 1.2699642164343425 1.1363092112045674
4145.318467474565 1.1644506744495995 1.1581400264698711
4146.198612356952 0.8500462740166217 1.167340727083413
4147.078944114007 0.9693503277542873 1.1651563259921098
4147.959462785408 1.187000031948959 1.1528667024712715
4148.840168410834 0.865825399937929 1.1445612864221368
4149.721061029994 0.7156602918565069 1.1483099816750708
4150.602140682577 0.9551436130674181 1.1526655147077043
4151.483407408308 1.4145369037451632 1.1481008499797596
4152.364861246901 1.6972495045113054 1.1355629561865257
4153.246502238082 1.5912374661649598 1.1260883945158244
4154.128330421583 1.373255608687276 1.1270263490491008
4155.010345837162 1.1888174110444758 1.130849559623684
4155.892548524566 1.0465246946243585 1.1370442222373134
4156.77493852355 1.185865645324105 1.1507143312929085
4157.657515873898 1.473808635056262 1.1668659778086372
4158.540280615383 1.6516863086710996 1.1747629607176475
4159.423232787784 1.5903994618166937 1.1721845804855313
4160.306372430905 1.3904564170880407 1.17090621317514
4161.189699584557 1.2627070694842284 1.1785324124770642
4162.073214288538 1.1843940295698931 1.1877193261551975
4162.956916582692 1.0908326778937294 1.1951376660923803
4163.840806506819 0.81751430015888 1.1995408078750325
4164.724884100778 0.9865806520207366 1.193842766775612
4165.609149404401 1.3780698546266985 1.1795578530358708
4166.49360245756 1.43096347088918 1.1740225027404525
4167.378243300101 1.1846115639829347 1.1824290554011374
4168.26307197192 1.0088360897970279 1.1842195806556282
4169.148088512866 0.973699641781989 1.1604528208424905
4170.033292962852 0.7226455965501131 1.1165415005062662
4170.918685361767 1.0887860275915227 1.0745325964854624
4171.804265749509 1.4232014074261323 1.058603458843066
4172.690034166 1.3906655660343066 1.0758081211420787
4173.575990651171 1.409322228963781 1.108287084067711
4174.462135244945 1.2479105472676597 1.129080890665716
4175.348467987254 0.897171166693212 1.125500081401528
4176.234988918061 0.6912708222331911 1.1065960152583871
4177.12169807731 0.7935158401462269 1.096385338226297
4178.008595504985 0.9109149264557956 1.1105801690250496
4178.895681241032 1.1900679397846943 1.1376417334739606
4179.782955325456 1.0740203419276795 1.152572686531343
4180.670417798231 1.0409351121191697 1.151433180994077
4181.558068699372 0.9845986419988758 1.1499806040633023
4182.445908068879 0.9103595952070322 1.1572110676969074
4183.333935946768 0.9598689844381694 1.170417741859468
4184.222152373056 1.1995264777259103 1.1783435133856153
4185.110557387791 1.3732590544381489 1.165068818916057
4185.999151031001 1.339177147328216 1.1406307585320499
4186.887933342749 1.1032216533206516 1.137859688257361
4187.77690436308 0.8240856165525036 1.1612895421369378
4188.666064132075 0.913671137678577 1.1801134066365477
4189.555412689803 1.5079910666555065 1.1793590445596276
4190.4449500763485 1.9235567043281885 1.1793325655385112
4191.334676331803 1.6355044902644882 1.1976421399743564
4192.2245914962605 0.9708819806904503 1.215576321389885
4193.114695609838 0.9251934473686118 1.207345428464092
4194.004988712662 1.3415390189380605 1.1778175542497435
4194.895470844845 1.5485443813404844 1.1510101909017654
4195.786142046533 1.331710757040502 1.1316825613806965
4196.677002357867 0.99587025011473 1.1128690097006955
4197.5680518189965 0.9644985587141601 1.108743955255181
4198.459290470077 1.0337859149994795 1.1297154021975278
4199.35071835129 0.9424738195099068 1.147988854934677
4200.242335502808 0.7920041852246679 1.1435335642037858
4201.134141964809 0.9451259173106248 1.1368304227411574
4202.026137777502 1.0996605506524983 1.1442363903566148
4202.918322981085 1.03251666591782 1.1516417382342772
4203.810697615769 1.100031866013879 1.1554493668343693
4204.7032617217665 1.1625010705546972 1.1677257661107856
4205.596015339323 1.1655736580836058 1.1841275866730328
4206.488958508659 1.1221870700502035 1.192533311220235
4207.382091270037 1.152555057976637 1.189522849067991
4208.275413663704 1.3336995895447257 1.1814180135055468
4209.168925729916 1.5602458009536995 1.1818032136156336
4210.062627508959 1.6792872493508175 1.194771382945885
4210.9565190410985 1.3586970551099553 1.2087869373949947
4211.850600366639 1.0426143483638053 1.2060832004690203
4212.74487152587 0.9215765009748469 1.1770251464201547
4213.639332559097 0.9836386162263681 1.1301522693162034
4214.533983506628 1.2815353601835155 1.1048019206142128
4215.428824408793 1.5129349319231562 1.1286382790426808
4216.323855305932 1.4977878373978954 1.1735058137511416
4217.219076238376 1.4474536045210047 1.2015808416287166
4218.114487246476 1.5430971746344242 1.2103044369633444
4219.01008837058 1.0509096297116753 1.215096125390585
4219.905879651069 0.6784232975120502 1.2178214270182939
4220.801861128304 0.9478163922857699 1.2088747066939018
4221.69803284269 1.1613785307656992 1.1875822929246065
4222.594394834588 1.1867824879014977 1.1573901680427345
4223.490947144413 1.263819518234331 1.1184237901233811
4224.387689812583 1.334892293720691 1.0733362600750638
4225.284622879506 1.296145846376069 1.043830634778403
4226.18174638561 1.3164120780601984 1.0656705160644595
4227.0790603713185 1.1494715038056482 1.1329986629448947
4227.976564877094 0.9634855325346515 1.1933392919975645
4228.87425994337 1.1203580868546805 1.2207663285594397
4229.772145610623 1.294393227555221 1.2196750225015482
4230.670221919315 1.376646652701729 1.1896588700047395
4231.568488909922 1.3372696438009006 1.1478299403361532
4232.466946622924 1.1508496360076879 1.1333812032263748
4233.365595098822 0.9940676172687127 1.1462627603545206
4234.264434378128 1.0524481606090297 1.1520901007514073
4235.1634645013455 1.202226583193813 1.1510006050239756
4236.062685508988 1.3240352020796478 1.1562344938090163
4236.962097441607 1.5064108949771586 1.1582126630188938
4237.8617003397085 1.2052815355128526 1.156508978947146
4238.761494243857 0.8560629517695623 1.1648546346345532
4239.661479194612 0.7840871987033374 1.1816550653218019
4240.561655232532 1.050563378554403 1.1886908508452183
4241.4620223981865 1.4562040589746288 1.1880476180086574
4242.3625807321505 1.6918471331016964 1.1965739408394562
4243.263330275028 1.5787290768523004 1.205308661627744
4244.16427106741 1.2069265667372986 1.1914906622833443
4245.065403149894 0.7332598679457056 1.1611344009694837
4245.966726563104 1.026245751164054 1.1432214226184227
4246.868241347672 1.5550728786662629 1.1471059477008783
4247.769947544221 1.3664040149415928 1.1497557701360022
4248.671845193394 1.038404618990906 1.137657687432645
4249.573934335832 0.9456822249579625 1.133754485976628
4250.476215012208 1.0286792713068118 1.1520558283607523
4251.378687263175 1.1892140971195189 1.1674986632655306
4252.281351129432 1.3357130982762186 1.1624792734530494
4253.18420665163 1.301793533980026 1.153713828174499
4254.087253870488 1.2728443543419339 1.1625308712109814
4254.990492826691 1.46043490873605 1.1838156558335324
4255.893923560956 1.7364114020869326 1.1941520456966737
4256.797546114018 1.7821607847402596 1.1789191471499298
4257.701360526574 1.3664208818590124 1.1490365649022747
4258.605366839374 0.8511163831171459 1.120313579066706
4259.50956509318 0.6220880296307424 1.1090210091408368
4260.413955328714 0.8557149994388229 1.1287988765238965
4261.318537586761 1.2399036303736641 1.1675284100604972
4262.223311908076 1.2084685872660663 1.1985078834622662
4263.128278333454 0.800435095816634 1.2139666170020884
4264.033436903668 0.7464042595791209 1.2221213144309444
4264.938787659537 1.1163845778525952 1.2224634323224266
4265.844330641838 1.2329155479278495 1.2084623926363045
4266.750065891404 1.3411500313323037 1.1856814521551975
4267.655993449053 1.294997701599499 1.1642554285901623
4268.562113355609 1.1130454495267335 1.1399359057621798
4269.468425651925 0.9559827697556532 1.1049773933885239
4270.374930378844 0.9299195339069057 1.078484254591074
4271.281627577214 1.0306801414817872 1.0847547575633616
4272.188517287918 1.1672545423403395 1.1047215655665847
4273.095599551815 1.079461340652093 1.1120006973248517
4274.002874409804 1.0719525870865245 1.121421626270225
4274.91034190276 1.0538362958070224 1.148242966393742
4275.818002071601 0.9503052940549453 1.1754779061992762
4276.72585495722 1.1833640759954753 1.1865391687128106
4277.633900600559 1.5820921609234961 1.1821859730551618
4278.542139042514 1.6025152057022323 1.166582077822628
4279.450570324043 1.2189474450031628 1.1521160202310963
4280.359194486083 0.9608314923914124 1.1470670602132946
4281.268011569578 1.2308418727781525 1.146322743528074
4282.177021615507 1.7193433111772423 1.1481096943129936
4283.086224664824 1.859936353025489 1.1491629327214103
4283.995620758523 1.5417491870675497 1.144652275601368
4284.905209937584 1.0731013182357247 1.140114672614449
4285.814992243004 0.8143307766468363 1.1352040448731866
4286.72496771578 0.7139074241399399 1.1175986985210948
4287.635136396933 0.6997951945704303 1.082474418881399
4288.545498327494 1.1311120404116608 1.0537244088159814
4289.456053548487 1.5753637587314484 1.0622744151156096
4290.366802100943 1.5644526700212715 1.1001998709614904
4291.277744025926 1.2908290698490532 1.12968947028748
4292.188879364487 1.1624051184231659 1.130443015228726
4293.100208157691 1.1753499299913048 1.1147896566420488
4294.011730446605 1.024663225019307 1.1041566283714979
4294.923446272321 0.8102310653439634 1.099253363575223
4295.835355675946 1.118588136164415 1.0894299876439584
4296.74745869855 1.403450652920069 1.0660340568361013
4297.659755381267 1.1398956602704553 1.0282735072438636
4298.572245765206 1.0454400016980772 0.9965333165830552
4299.484929891489 1.2079381579727757 0.9906517331531497
4300.397807801264 1.2054886573785841 0.9984656550788804
4301.31087953567 0.9539713803033293 1.0060182115441656
4302.224145135852 0.8360543332656051 1.0197541487889688
4303.137604642989 0.906815477969981 1.0372608068709122
4304.051258098234 1.0076713693091481 1.0436263412423978
4304.965105542776 1.0671125964399797 1.034035563298687
4305.879147017818 0.9199035238614884 1.0124613404102858
4306.793382564526 0.8128044390144094 0.9933100807618713
4307.707812224129 0.7305512420626593 0.9954913797434365
4308.622436037835 0.7738223939059282 1.0183545644607968
4309.537254046858 0.8133818224597096 1.041034051099333
4310.452266292439 0.7514418663396466 1.0470726733499274
4311.367472815826 0.6639571289916718 1.0366044884202696
4312.2828736582605 0.6691054513860689 1.0219671310179557
4313.198468861002 0.7398680596297087 1.020947286735365
4314.114258465316 0.7768824792935253 1.0472451685251873
4315.030242512472 0.8744153847497627 1.087508754185855
4315.946421043762 1.3442621167199973 1.1121489780849343
4316.862794100494 1.123463103903098 1.1113477549960582
4317.77936172394 0.7767847118541107 1.0955787291465404
4318.696123955427 0.7932199591918523 1.0737129187388563
4319.613080836281 0.7614609898012545 1.0556945922643817
4320.530232407816 0.7413307829568866 1.048558738448129
4321.4475787113915 0.9063480960777266 1.0358550963179478
4322.365119788324 1.0974031008112701 0.9981748474455787
4323.28285567999 1.058536628586545 0.94476090753544
4324.200786427738 0.9114933032445622 0.9065750566726912
4325.118912072957 0.9227352228483764 0.9099443121174611
4326.037232657011 1.0242527413307565 0.9446896848856513
4326.955748221307 1.0509138785617957 0.9731785250323176
4327.874458807234 1.0632175631913667 0.9713756560797712
4328.793364456202 1.032730799385028 0.944971943673553
4329.712465209617 1.0672691365510982 0.9175721526820528
4330.631761108922 1.2150223284820199 0.9014257145131311
4331.551252195541 1.1608757507495109 0.8852671160617128
4332.47093851091 0.9235639514659705 0.8632381082815994
4333.390820096496 0.7733634400467777 0.8396150507666003
4334.310896993751 0.7072320197579824 0.807902161939681
4335.231169244137 0.43719382059899703 0.7537738462125276
4336.151636889147 0.09357388926913963 0.6825108444640982
4337.07229997026 0.33601616132808 0.6147257725400075
4337.993158528964 0.6763779813637443 0.5576208203998285
4338.914212606771 0.7637967405343034 0.5217236828739749
4339.835462245202 0.8063333863162556 0.5345238040459248
4340.75690748577 0.6245830826374233 0.5939769021174126
4341.67854837 0.4715121672543602 0.6595551385444982
4342.600384939453 0.583665497532232 0.7088104796707031
4343.5224172356475 0.799623102360227 0.7530360447412471
4344.444645300156 0.8449779032030592 0.7963981940464946
4345.367069174551 0.7990655901489554 0.8307877502506057
4346.289688900402 0.9113266209494192 0.8605185768382793
4347.2125045192915 1.0772286914297118 0.8926029958822652
4348.135516072812 1.1230730586073319 0.9142641657417213
4349.058723602556 1.1366056528050847 0.9075264745841454
4349.982127150151 1.0106552140588319 0.8835545700821119
4350.905726757208 0.8103747230503441 0.8803799731699953
4351.829522465347 0.9790100408302664 0.9136915955623414
4352.753514316219 1.1112712537338838 0.9585027646912156
4353.677702351455 1.0154241395786392 0.9913143769361449
4354.602086612717 1.0019985449786835 1.0144402293170889
4355.526667141677 1.1754655488996368 1.0319471295011242
4356.451443979997 1.3291394843243194 1.038460599299196
4357.376417169352 1.2770352547635533 1.0357099855390444
4358.301586751447 1.1015245184002727 1.0397176637349688
4359.226952767973 0.97362002081117 1.0595085079370998
4360.152515260636 0.7999082195472877 1.083112338196618
4361.078274271154 0.6306979558910336 1.0962704144379347
4362.0042298412445 0.8185042142361928 1.1044600514624354
4362.930382012656 1.2875239317894749 1.1184589582112185
4363.856730827124 1.3596424925404604 1.1306797727760274
4364.783276326392 1.2696310893686062 1.1245907947760239
4365.710018552238 1.2588411389636127 1.1002479773528062
4366.636957546414 1.133171042249909 1.0802807641177157
4367.564093350715 0.9606212992594727 1.081282991033192
4368.491426006912 0.8892540622655615 1.0924549639357586
4369.418955556816 0.9431015593277876 1.1035866655723945
4370.346682042219 1.0251090242097427 1.113733375347904
4371.2746055049565 1.0547588909676842 1.1130386966105086
4372.20272598682 1.1143083928500417 1.090304114533066
4373.131043529656 1.3311165161159713 1.0613427514538434
4374.059558175315 1.1509552762376745 1.058510675497914
4374.988269965636 0.9315646317103414 1.0889213275739082
4375.91717894248 1.0164749985932722 1.1275627343332504
4376.846285147704 1.0448707003348012 1.1503674808871671
4377.775588623202 1.0109362150368861 1.153376071845486
4378.70508941084 1.078658204876343 1.1464139798006805
4379.634787552538 1.2760509433407525 1.1344358114128936
4380.564683090167 1.442403738839213 1.1048288780150397
4381.494776065661 1.2324065638968444 1.0495783185683716
4382.425066520934 0.9034686555210655 0.9986912609723891
4383.355554497907 0.9172551929420293 0.992666617846127
4384.286240038526 1.101857597279567 1.0308716945176055
4385.217123184746 1.0970125015826802 1.076021570712742
4386.148203978516 0.9657320224643382 1.100989225149866
4387.079482461801 0.8800218436261795 1.108646815933569
4388.010958676566 1.042833534906107 1.10695043208603
4388.942632664803 1.0504722466365095 1.0999786154264823
4389.874504468518 0.9756016157807536 1.1010488108302756
4390.806574129682 1.1046959314476728 1.1149768323966163
4391.7388416903195 1.330515040041471 1.1200524586200296
4392.671307192464 1.220602177859496 1.1004768023880083
4393.603970678113 0.8548289398204739 1.079628689254133
4394.536832189326 0.6848492915540242 1.09317147661136
4395.469891768132 0.8931341348655286 1.1312158227387756
4396.403149456601 1.0676639747017918 1.1501864565315938
4397.336605296789 0.9297676087667639 1.1366062154402556
4398.270259330768 0.8425037342852886 1.107724820264703
4399.204111600609 0.9616822071505795 1.091425679716408
4400.1381621484215 1.0372761038383627 1.1045324505788745
4401.072411016286 1.2111685330146447 1.127354391944862
4402.006858246319 1.2010145839594675 1.1237833807083804
4402.9415038806455 1.1093824141677242 1.0971990367728348
4403.876347961383 1.4240575933474293 1.0868828876986933
4404.8113905306645 1.4989137564855828 1.1038681703511828
4405.746631630636 1.4398379605374032 1.117090307362592
4406.682071303442 1.3273790376992394 1.1134005524940258
4407.617709591251 1.1328209556556077 1.1132945380217758
4408.553546536249 1.0690471857737547 1.1279575757779379
4409.489582180585 1.1875635350951999 1.145877424233841
4410.425816566461 1.3841680203806594 1.1582079451435447
4411.362249736093 1.53040403879938 1.1594694490466761
4412.298881731654 1.4275158292895072 1.1388774075581964
4413.235712595383 1.0806324643268306 1.1000635258168705
4414.1727423694965 1.043674058447292 1.071506166305797
4415.10997109622 1.3480684035147399 1.0685165421580507
4416.047398817804 1.0664835875540009 1.081291925895264
4416.985025576513 0.8146134541305567 1.1058496794431538
4417.922851414579 1.1243811163693591 1.1392207966004877
4418.860876374284 1.3933090162485535 1.1587203968218858
4419.799100497916 1.4956460404713579 1.1476256408173002
4420.737523827752 1.5342663011070845 1.121248203471295
4421.676146406082 1.3110395546839044 1.1085332631821583
4422.614968275226 0.8987183596650685 1.118592784438367
4423.553989477489 0.8124064516902709 1.1333165239560725
4424.493210055188 0.8136002657521326 1.1372498454773239
4425.432630050669 0.8044732851721241 1.1333455955436127
4426.372249506258 1.0220148338851276 1.1316490204806164
4427.312068464322 1.1667112636600474 1.1322991104018927
4428.252086967209 0.9872402179719392 1.1251820633544962
4429.192305057281 0.9608765974255951 1.1162942398781617
4430.132722776931 1.1346266350359093 1.1185166697522726
4431.073340168535 1.1422808471934272 1.1209359104270207
4432.0141572744815 1.13112879762085 1.1082667901665284
4432.95517413719 0.7767498173898749 1.086881205939067
4433.896390799065 0.6508727354343856 1.0769380203095589
4434.837807302529 0.7747503465614832 1.0940925856210766
4435.7794236900045 0.8938781083867706 1.1294458256145616
4436.72124000394 0.8283112359944076 1.1592237635184248
4437.663256286799 0.812925761429148 1.171399017603648
4438.605472581009 1.0837565865159675 1.1626768817149236
4439.547888929052 1.2863611842323028 1.1345144950696442
4440.490505373412 1.2616621275065247 1.0970923411579334
4441.433321956566 1.21803220422125 1.0654867770520755
4442.376338721008 1.1070728508765604 1.0600935915102778
4443.319555709242 0.9114780549816485 1.0885779743307964
4444.262972963771 1.0330225832323674 1.1263281719149323
4445.206590527132 1.2031737359434063 1.1418889544146342
4446.1504084418475 1.039947162745035 1.1390677732363397
4447.094426750449 1.101380974293908 1.1359663953045624
4448.0386454955 1.3901720086372416 1.129437354673131
4448.9830647195495 1.2109486261219211 1.1184539592833174
4449.927684465156 0.8838763121372847 1.1187072796586208
4450.872504774903 1.1874710335754126 1.1275338616012114
4451.817525691383 1.6518356502941067 1.1221373612077663
4452.76274725718 1.61333594172546 1.0948791636056934
4453.708169514898 1.4052476822880962 1.0684758167117818
4454.653792507141 1.3407708790320356 1.0671069181915116
4455.599616276542 1.197952021151764 1.0818188845465455
4456.545640865726 0.9619792051189937 1.0877453017877452
4457.491866317323 0.9444301517720188 1.083135912691897
4458.438292673995 0.9817378481471457 1.080535607392834
4459.384919978393 0.8891397846345949 1.0767637097669218
4460.331748273173 0.9011807865656836 1.0720854961755584
4461.2787776010255 0.9703020178335443 1.0825079620549898
4462.22600800462 1.0646813198058405 1.1001247035169457
4463.173439526664 1.2403541357430556 1.1044128377601292
4464.121072209852 1.28541502767046 1.0983901065877695
4465.068906096896 1.1958836994747528 1.0923187210424017
4466.016941230507 1.2745365200905259 1.0840314952331593
4466.96517765343 1.4620258456483106 1.0722419370185565
4467.913615408388 1.3251368383232576 1.0671451183960134
4468.862254538137 0.9010856020789383 1.076774720176004
4469.811095085439 0.9297155970029733 1.0937746662399643
4470.760137093054 1.1844052265609384 1.1099999107123937
4471.709380603747 1.1657295546011566 1.124875852687871
4472.658825660319 1.1673083450094652 1.135857231567305
4473.608472305554 1.2639313290073588 1.1365514967585384
4474.558320582245 1.3105030972284748 1.1345422602209272
4475.508370533228 1.227471339373847 1.1430080763497712
4476.458622201291 1.087602029955138 1.1496955356108933
4477.409075629279 1.1242026825859288 1.1270279797902854
4478.359730860046 1.2798417632507317 1.0701310185605557
4479.3105879364075 1.225635669965805 1.008689218108214
4480.2616469012355 1.1111889952011733 0.990365241788732
4481.212907797404 1.0604927325732096 1.0282175170814556
4482.164370667779 1.0928575686692776 1.08548073026621
4483.116035555245 1.2052306399365735 1.125633206659301
4484.067902502686 1.2224940304484915 1.1434554630090004
4485.01997155302 1.1127423143412096 1.1433978133110416
4485.972242749151 0.7511497757780009 1.1251379510530701
4486.92471613399 0.6140573826045796 1.094905629822252
4487.877391750474 0.7638816918854225 1.0715452783089614
4488.8302696415585 0.9799137678059382 1.069816459248617
4489.783349850159 0.9940662531566629 1.0865514997829828
4490.736632419254 0.9411968423907806 1.1082377880683012
4491.690117391797 1.0425556287924664 1.1167007182047572
4492.643804810775 1.1437897800929728 1.1043332074543626
4493.5976947191575 1.0341122900139637 1.0927902821151552
4494.551787159954 0.766506697876783 1.0970187662804252
4495.506082176158 0.7527000669556668 1.1107927781780855
4496.460579810781 0.9177075893928068 1.1258460059879578
4497.415280106837 0.8990708860147483 1.1323867535439307
4498.370183107369 0.8088822006895773 1.1217459351252115
4499.325288855402 0.8128647674701877 1.1009958705973828
4500.280597393998 0.8906407951791996 1.0959452604847533
4501.236108766207 1.1728262194126744 1.120848020234587
4502.191823015087 1.3546524760098555 1.1536830749659017
4503.147740183729 1.180348221459644 1.168871325313488
4504.10386031521 1.0271555916974093 1.1640220517437831
4505.060183452616 0.8915446393583365 1.1471237397863374
4506.016709639065 0.5437505842703678 1.1261671404587337
4506.973438917661 0.7057432628148012 1.1160817544813302
4507.930371331525 0.8949614971378171 1.1267323609654654
4508.887506923779 0.8459551054121048 1.1446452428630782
4509.844845737572 0.8960136206595686 1.1500966171024682
4510.802387816066 1.078785171056909 1.1421067333641146
4511.760133202388 1.2792067878165285 1.126599460666447
4512.718081939729 1.2880317604269558 1.1061657289338807
4513.676234071257 1.0219697134508285 1.0918813337920574
4514.634589640149 0.8269444738720196 1.0962380388648154
4515.593148689615 0.8451446417196078 1.1079841733397764
4516.5519112628435 0.9126369133666269 1.11073518771097
4517.510877403062 1.0265356250041657 1.1069334729941844
4518.470047153477 1.0267013539707042 1.1046100629654982
4519.429420557336 0.8262988819416826 1.1031743072146187
4520.38899765787 0.8993374934272075 1.0926685851180022
4521.34877849833 1.359119147767886 1.076307449996322
4522.308763121965 1.547390261514534 1.0750036033468178
4523.268951572059 1.300408478412073 1.080101915361809
4524.229343891883 1.0207494318317192 1.0740884171146758
4525.189940124713 1.1506134785883722 1.0617262466060162
4526.150740313853 1.156923695942906 1.0484029018744945
4527.111744502624 1.0741196636420158 1.0373637476307493
4528.072952734306 1.3238055459814637 1.0372900276015813
4529.03436505224 1.1374296272078899 1.0490224380590503
4529.995981499766 0.8886523136614903 1.0623779875605444
4530.957802120215 1.1648499358919153 1.0629964631094426
4531.919826956941 1.3332659943937322 1.0437645856966136
4532.8820560533 1.196015180251356 1.0251982982793422
4533.8444894526565 1.328173120781921 1.0343223135646573
4534.8071271983945 1.2599323133359248 1.0719259247223842
4535.769969333909 0.9946008326406616 1.1153730041445922
4536.7330159025905 1.1632278772714018 1.1319151117207606
4537.6962669478435 1.2095493892458948 1.1157637893791514
4538.659722513075 1.059416180222488 1.0906237838988484
4539.623382641726 0.9931160254186533 1.0778614662010655
4540.587247377212 0.9925046771185985 1.0860035508234023
4541.551316762994 1.1574243709142005 1.101225917459622
4542.515590842515 1.4002544134343193 1.101200910257627
4543.480069659228 1.3171827765553672 1.0889756367715189
4544.444753256619 0.9586183636706618 1.0841285781134953
4545.409641678153 0.7699317016045094 1.0850662809813483
4546.374734967333 0.7878985716095055 1.0674555882624595
4547.340033167649 0.7678233488004634 1.0245617965697074
4548.30553632261 0.7671854252518348 0.9961528546068186
4549.271244475732 0.9190912435910246 1.0225254510977262
4550.237157670532 1.0476405606552721 1.0662367085599502
4551.203275950553 1.216005382514183 1.0732261722832563
4552.169599359347 1.1599915404137207 1.0509041739957734
4553.136127940453 0.9136617801893178 1.0238058120606088
4554.102861737456 0.8803230752934658 1.017214008645916
4555.069800793896 0.888253468055615 1.0379196915732565
4556.036945153381 0.8314811573011425 1.062189485272644
4557.004294859482 0.8665818001938812 1.0725674081342529
4557.971849955817 1.2405950582153236 1.0824990095997342
4558.939610485977 1.4606025886622822 1.099464354395638
4559.907576493606 1.4343427450607231 1.1104593982783237
4560.8757480222985 1.1915300626489145 1.1010990940641068
4561.844125115708 0.8978272638857729 1.0708754217248964
4562.812707817488 0.692336532647438 1.044688698468046
4563.781496171287 0.9267732547313217 1.0449498556677352
4564.750490220759 1.3199881229673707 1.0667747414365665
4565.719690009597 1.5548031768348036 1.0955448585760004
4566.689095581473 1.492308751242689 1.113344892904057
4567.658706980082 1.3816398862851196 1.113366315114987
4568.628524249117 1.3839524808641726 1.095650375112669
4569.598547432303 1.3121560777683257 1.0631158064956696
4570.568776573355 1.1866321917290221 1.0435263208207748
4571.539211715993 1.0388107518687582 1.062159533732458
4572.509852903964 0.9209234825396931 1.0916022463759958
4573.480700181032 0.9471187839667748 1.0983851262353712
4574.4517535909235 1.0254770094593897 1.09190848690105
4575.4230131774275 0.9829793806908222 1.0912822969337093
4576.394478984313 0.8869177962271307 1.0924060664085669
4577.366151055357 0.9198178757284994 1.0817818138771083
4578.3380294343615 1.0646280731141802 1.0615024134873736
4579.310114165147 1.1497839503009377 1.0446587698198535
4580.282405291495 1.04340988380588 1.0336868844687719
4581.25490285725 0.9148169916330906 1.0214305920876376
4582.227606906231 1.0094986052935275 1.0135496420891268
4583.2005174822925 0.9442269556418563 1.0239242441951895
4584.173634629269 0.7260023731073667 1.0434178127309288
4585.1469583910375 0.7592941257316242 1.0532886971122395
4586.120488811458 0.8514878449727101 1.0544129415305665
4587.094225934402 0.8806180093558642 1.057332068843718
4588.0681698037715 1.0432849290277988 1.062524761850557
4589.042320463448 0.950864794507933 1.060494843971546
4590.016677957362 1.0771295888209556 1.0507281281343759
4590.991242329397 1.2824036380107593 1.0466580561117858
4591.966013623494 1.1245259623903896 1.0549702503348537
4592.940991883595 1.0419346453312566 1.0629863232886616
4593.916177153636 1.0766564146807363 1.0628688181333408
4594.89156947757 1.2356326553030927 1.0628365738678855
4595.867168899358 1.2644152755598828 1.0671661618938106
4596.842975462965 1.026373456004073 1.0729080834944502
4597.818989212379 0.8954457608351134 1.0740891377252115
4598.795210191606 1.0185644850238627 1.0639281340075075
4599.771638444615 1.2977467326433625 1.0567495497856498
4600.748274015438 1.3247382096647453 1.0636154602526593
4601.725116948077 1.3876412891364096 1.0712480420661508
4602.702167286576 1.2977071824110342 1.0717721301006764
4603.679425074955 1.074488750340824 1.0689126068630612
4604.656890357278 1.0444156869666705 1.0715410325235588
4605.634563177584 1.1581400072488124 1.0834216668251322
4606.612443579953 1.2967340559692964 1.0998031956507774
4607.590531608453 1.1973082699758897 1.1110542913943937
4608.568827307158 1.1562009619685616 1.1081991955116477
4609.547330720186 1.3375487028043358 1.0932402928465246
4610.526041891609 1.3024087684919423 1.0810100890975058
4611.504960865552 1.1252160056173248 1.0765590257875615
4612.484087686145 1.0718123122911658 1.0758948362711356
4613.463422397512 1.0293472948340712 1.0764515606881164
4614.442965043783 1.0799609905014271 1.0704433684577492
4615.422715669132 1.2288382955234176 1.0632895643930058
4616.402674317686 1.1215714902934908 1.057676957141015
4617.38284103363 0.8505792768494651 1.0476498046599976
4618.363215861147 0.8782115333217141 1.0455751064166825
4619.3437988444175 1.0681751866115454 1.0602481119491387
4620.32459002763 1.0443551758160774 1.076145741208026
4621.305589455004 0.8966419226161298 1.0844327253547634
4622.28679717074 0.8753762878064121 1.087504510790406
4623.268213219087 1.007221654231865 1.0816468839951545
4624.2498376442445 1.0483967312126299 1.0722560224170268
4625.2316704904815 1.135796861549604 1.0701908841970953
4626.213711802042 1.240685885513328 1.067931864791033
4627.19596162318 1.1985769137552724 1.0560946367179906
4628.178419998182 1.238542660120591 1.0503942358787826
4629.161086971314 1.205486853567887 1.065782109607365
4630.143962586881 1.020323234483073 1.0829197783592353
4631.127046889167 1.0481155310545176 1.074371337284894
4632.110339922497 1.1998461290789482 1.0500570248902819
4633.093841731181 1.180811492563204 1.0402651181897542
4634.077552359547 1.0292463133343375 1.0471929248942935
4635.061471851924 1.3484529546226012 1.0531140784522843
4636.045600252674 1.356470182816137 1.049849197184576
4637.029937606138 1.0105616832346538 1.0468883032771181
4638.014483956697 1.1833866469567493 1.0489427482254552
4638.999239348718 1.3203824912414248 1.0555267716428958
4639.984203826585 1.274391066855943 1.0672294791869523
4640.969377434683 1.0118357756138947 1.0753278588164679
4641.954760217424 0.8418190852730628 1.0719364661663162
4642.940352219237 0.9279555531389237 1.0608872673603778
4643.926153484511 1.078409723546168 1.0417718710871755
4644.912164057692 1.1686455544951924 1.0176468226015187
4645.898383983233 0.9645148844656533 1.0055915058688594
4646.884813305572 0.696256885302952 1.0132596131723586
4647.871452069162 0.8739012120048062 1.032819224092237
4648.858300318489 1.0548403100279922 1.0517750826224055
4649.845358098022 1.1301562360855144 1.061370875074906
4650.832625452251 1.1587213363298186 1.0656886339402576
4651.820102425664 1.1001940643125148 1.0634143606830966
4652.807789062785 1.1485088538109471 1.047036550969096
4653.795685408112 1.1270302707206465 1.0302069641402958
4654.783791506189 1.2390527767660608 1.0247552070949113
4655.7721074015435 1.2432830214929382 1.0351994661586157
4656.760633138711 1.0695976723136196 1.062695273316604
4657.749368762262 0.9760211848001076 1.0899504602004466
4658.738314316744 1.0166183096983752 1.0984711372381566
4659.727469846755 1.1099341422827442 1.0864065479510643
4660.7168353968445 0.9092888076752796 1.06265191970342
4661.706411011628 0.7030035076053802 1.0401172662339462
4662.696196735693 0.888838237592042 1.0306856142562921
4663.686192613664 1.0425859728166544 1.0232113595235695
4664.676398690156 0.9882684960714623 0.9956260746432624
4665.666815009789 1.042789312663038 0.9641813794836644
4666.657441617219 1.1130390606358687 0.9595315830335611
4667.648278557079 0.8191674502485519 0.9804026721944652
4668.639325874051 0.6699410249323396 1.0073539406972876
4669.630583612771 0.928867742592566 1.0296391782092478
4670.6220518179325 1.1411454726829529 1.0393999514524848
4671.61373053423 1.1837398153249217 1.038107406185163
4672.605619806352 1.1291664714852776 1.0400924010641008
4673.597719678995 1.2058269278512725 1.0517256374038064
4674.590030196892 1.4195517926046 1.064321297829091
4675.582551404752 1.4050213617546343 1.0645969416766936
4676.575283347332 1.299047992397614 1.0488960781300216
4677.568226069344 1.2662091175137002 1.0312285180015106
4678.561379615557 1.2042311077211993 1.023472691211531
4679.55474403075 1.2132757444466264 1.024206471908663
4680.548319359664 1.2611970493654787 1.0302742556047257
4681.542105647096 1.1821214439459529 1.0419163788139922
4682.536102937853 1.0551694127859608 1.051410468998431
4683.530311276704 1.155808162781825 1.0530985493260756
4684.524730708484 1.2854655036776803 1.0535298021350805
4685.519361278004 1.100133319022306 1.051961055776659
4686.514203030086 0.9562293832990524 1.0466428773062266
4687.509256009575 1.0410073967411206 1.0422764391492614
4688.504520261338 1.1156872150291226 1.039229518303364
4689.4999958302 1.0552699606913825 1.0346990090646924
4690.495682761043 0.8982937332531165 1.0341403614905698
4691.491581098753 0.9239841444720269 1.0400276302847453
4692.487690888201 1.0643584666333867 1.046583192691942
4693.484012174306 1.0954224185110832 1.0543586590610339
4694.480545001943 1.088359825911968 1.0593178033198587
4695.477289416049 1.0083878156991783 1.050701507320647
4696.474245461542 0.9693441597179082 1.028188005759603
4697.471413183347 0.9653689642697437 1.0107623409664155
4698.468792626417 0.8390582482979899 1.011092761039555
4699.466383835713 0.7844769151892707 1.0144317430122076
4700.4641868561885 0.8418169552838808 1.0037420204270875
4701.4622017328165 0.8770305118323943 0.991517310742329
4702.46042851058 0.8316100927505747 1.000063714249227
4703.458867234461 0.8881527062483389 1.0203807803173153
4704.457517949469 1.1216013301303378 1.0276878513238228
4705.45638070063 1.1814051860008739 1.0163618462985178
4706.455455532932 1.040699822685734 1.0010712096475298
4707.454742491422 0.9638769778005293 0.9973217056539163
4708.454241621146 1.0616115198360214 1.0093076057486685
4709.453952967137 1.1519749587404557 1.0305491553802113
4710.45387657447 1.1532325315447667 1.0414153535517179
4711.454012488203 1.1907385814628935 1.032079083005835
4712.454360753416 1.084631602825101 1.0159251366460005
4713.454921415186 0.8291767145585907 1.0132009493950145
4714.455694518626 0.8253391723656899 1.0297585443282593
4715.456680108827 1.073202277810394 1.0473612688535274
4716.45787823092 1.2314573991468172 1.0536304789283681
4717.459288930022 1.3496916575548479 1.0580284339922397
4718.460912251261 1.3341824210611457 1.0646916498191978
4719.462748239797 0.9864001680430465 1.0645216310510224
4720.464796940776 0.8153932224104794 1.056379438611035
4721.467058399354 1.0325773257005588 1.0510106888548956
4722.46953266072 1.2832015068548306 1.0566968908013799
4723.472219770048 1.3725137660846147 1.0652460896205884
4724.475119772523 1.2373644061939597 1.0594350209837637
4725.478232713364 0.9652910372154083 1.0343612700872473
4726.481558637774 0.7904203064285765 1.00802034917636
4727.485097590966 0.7820910442225179 0.997907017224975
4728.488849618187 0.8107275839230415 0.9963309545911414
4729.49281476466 0.9834208368822586 0.9970191420588096
4730.496993075653 1.2612783752101377 1.0078298485175792
4731.501384596419 1.3587597435581995 1.0249577174305684
4732.505989372224 1.1935212613280324 1.035996997131868
4733.51080744834 1.052576491237167 1.0370934630080124
4734.515838870071 1.0777562780109569 1.024065857854372
4735.521083682709 1.1019406141678325 1.0109200644645744
4736.52654193156 1.073746166211804 1.021479677012208
4737.532213661933 0.9094765905196777 1.0379369719637446
4738.5380989191735 0.7321773237954521 1.0375833185427825
4739.544197748607 0.8227422427353562 1.0316958878426064
4740.550510195573 1.0288504738997803 1.0345337240291237
4741.557036305445 1.062567792646787 1.0420208601181777
4742.563776123569 0.9256500486911777 1.0438702680092147
4743.570729695339 0.8351801131044633 1.0407223994869779
4744.57789706613 0.8909688858131483 1.0425575941478975
4745.58527828133 0.9358798895039495 1.0465357863191973
4746.592873386349 0.8507487452968695 1.0444174330416045
4747.600682426619 0.870707083383267 1.0434491773686003
4748.608705447529 1.0041926534261347 1.0472587420961592
4749.616942494537 1.286735936283256 1.046995143007619
4750.625393613079 1.4755020508156609 1.0386331025577051
4751.6340588485955 1.2817943529148415 1.029148214732429
4752.6429382465685 1.0 1.0206807800640632
4753.652031852459 0.7750187962716136 1.0136375764507441
4754.66133971174 0.6891156514917535 1.011937989485633
4755.670861869911 0.6517624220487835 1.0179830512717667
4756.680598372483 0.69919361755925 1.0288487603854266
4757.690549264954 0.8318659526545821 1.0380986377520698
4758.700714592838 0.9261232623945277 1.0377557542377531
4759.7110944016895 1.1477889463583453 1.0206498426941486
4760.721688737012 1.2826497305543636 0.9955197889304872
4761.732497644374 1.2307479951915412 0.980872725640363
4762.743521169341 0.8682397343268825 0.9757903803474581
4763.754759357472 0.7380666638177393 0.972754854095049
4764.766212254346 1.0222475403881632 0.9760935182004684
4765.777879905542 1.1330883064127801 0.9899477970103011
4766.789762356666 1.0728901700477624 1.0076076147829038
4767.801859653332 0.8707585138472556 1.0219079982511445
4768.814171841149 0.9683778110413518 1.0239289966225527
4769.826698965734 1.1767221820573497 1.012221234592453
4770.83944107275 1.1015552403084943 1.0081387816203367
4771.852398207808 1.0527948485920027 1.0204702042489335
4772.865570416587 1.2107955388993397 1.0351043520565089
4773.878957744738 1.2828177965682444 1.0389726902365553
4774.8925602379495 1.0163695874425074 1.0391129007561921
4775.9063779419 0.6700482691055882 1.044473362635999
4776.920410902283 0.6662147724589007 1.0433568181810753
4777.934659164794 0.824011155129614 1.0320498375026483
4778.949122775162 1.05732611694648 1.028284397283945
4779.963801779095 1.2319471175488568 1.0313842523893804
4780.978696222333 1.0050396767936318 1.025868772575049
4781.993806150629 1.1595396742758055 1.016881772952872
4783.009131609725 1.5028354966114963 1.0184684473335075
4784.024672645375 1.327806476183934 1.017481480068074
4785.040429303369 0.9414789534893365 1.0059046557490365
4786.056401629478 0.7286183252717657 1.0030027169037354
4787.072589669495 0.7154458991404895 1.0053591157603445
4788.0889934692195 0.8687962072834625 1.0044201301713058
4789.105613074455 1.148488407946202 1.0081144753292566
4790.122448531038 1.2008135147188224 1.0149706263582332
4791.13949988479 0.8477002483070692 1.022633150035945
4792.156767181544 0.8320908301090411 1.0371942833793812
4793.174250467164 0.8500622885832657 1.050724752951696
4794.191949787494 0.7144513033829983 1.0493739664241772
4795.20986518842 0.9236110519602513 1.037163371254224
4796.227996715812 0.9704103236502301 1.021222500634799
4797.246344415549 0.7234945240230042 1.0052472563666637
4798.264908333548 0.8835992541197077 0.9967657307189837
4799.2836885157 1.3227904923810483 1.0031836503403593
4800.302685007939 1.4808577121886872 1.0207218236928786
4801.3218978561745 1.2633987624387033 1.0297633315305292
4802.341327106363 1.2084673600390798 1.0174088136742796
4803.360972804442 1.2478343172383268 0.9974837082065677
4804.380834996359 1.0637242345118547 0.9910367463624052
4805.400913728099 0.9341634378355885 0.9967287400610347
4806.4212090456285 0.892380161892215 1.000704007892332
4807.441720994926 0.8743023469133694 1.003474587283001
4808.462449622003 0.8916041566673758 1.0068502901794096
4809.483394972859 0.8104014812482939 1.0058798652396264
4810.504557093507 0.758037799974699 1.0033757402677181
4811.525936029973 0.8192222286625157 1.0045811018822437
4812.547531828284 0.9721017727352014 1.0089120546908834
4813.569344534501 1.106778067877268 1.0129993321883541
4814.59137419467 1.0762504858283894 1.0160667918837032
4815.613620854847 0.9411506013364129 1.018034318852775
4816.6360845611225 0.8026340623219307 1.0200000484366092
4817.658765359563 0.7446742065942538 1.0219158535907897
4818.681663296272 0.7701262875937694 1.0200302541524593
4819.70477841736 0.913388219348638 1.0108011270151935
4820.728110768933 0.9978115548099816 0.9886222254636479
4821.751660397113 0.8128492538117986 0.952798463241572
4822.775427348033 0.7360714947373509 0.9356485776247143
4823.7994116678265 0.9205560004540881 0.956110277880074
4824.823613402663 1.172356982977128 0.9808114914706838
4825.848032598697 1.3455357879963428 0.9858330017950017
4826.872669302091 1.2138081737868334 0.9766513871001007
4827.897523559036 1.0745699327561569 0.969076244554593
4828.92259541574 0.8704332818213194 0.9670477035884009
4829.94788491837 0.8424025270324519 0.9593587778163475
4830.973392113163 0.7643819015330665 0.9504558186822121
4831.999117046332 0.7359166764333449 0.9527166047377627
4833.025059764099 0.771229230693303 0.9547926774002957
4834.051220312713 0.7331364437895577 0.9478206435863834
4835.077598738432 0.9257752097932722 0.940770833786207
4836.104195087509 0.9634242780893988 0.9375553582507001
4837.131009406214 1.053732482349151 0.9261620390526377
4838.158041740818 1.2331120845227326 0.9081980781789445
4839.185292137628 1.1206427873242655 0.9007380877619604
4840.212760642926 0.9086258886180882 0.9004531596487432
4841.240447303038 0.7020948811352896 0.8934221033529424
4842.268352164276 0.4779881042328835 0.8845071023594944
4843.29647527296 0.5054822767864338 0.8830790929621284
4844.324816675446 0.7612401258808853 0.8790896221812197
4845.353376418073 0.880362688228567 0.8584175739709345
4846.382154547193 0.9958023883636242 0.8256296864684105
4847.41115110919 1.056892126518434 0.8038136029890094
4848.440366150426 0.7954877538962829 0.8004273670911319
4849.469799717313 0.6356230711182004 0.7973490975164549
4850.499451856218 0.7690709303574238 0.7818539903254305
4851.529322613572 0.7573123272445932 0.7576590142769275
4852.5594120357755 0.6977291781291654 0.7187398351162033
4853.589720169273 0.8017333923414194 0.6701482836839747
4854.620247060487 0.7205793210494005 0.6356518246534373
4855.650992755879 0.6019312754224267 0.6172528446469866
4856.6819573019 0.6464844929948144 0.5852280885898797
4857.713140745015 0.5645282731691941 0.5203431659358991
4858.744543131693 0.3369614606530723 0.4286165006702118
4859.776164508428 0.2379651066791064 0.36681608129265586
4860.808004921728 0.28601056041589357 0.3984934058432405
4861.840064418088 0.4328779288802403 0.4811117752984841
4862.872343044027 0.5647095550523306 0.55252912613958
4863.904840846068 0.5597611731951211 0.6058253241489514
4864.93755787074 0.5966291189745517 0.6508298827318045
4865.970494164607 0.8221369980726602 0.6876838411428566
4867.003649774215 0.9449489376407172 0.717323873427982
4868.0370247461215 0.8931198026140885 0.7332756119188188
4869.070619126919 0.7659631417404011 0.7296375715015784
4870.104432963177 0.41991866243499654 0.7254345197009427
4871.138466301497 0.5116291482793156 0.7482723723399715
4872.172719188496 0.816163639772285 0.7863592572584965
4873.207191670777 0.8855003627361018 0.8116555893260312
4874.241883794959 0.9260682303760374 0.8223365507676511
4875.276795607702 0.8407811666598315 0.8348028503841679
4876.311927155617 0.7920614749267276 0.8554945878876978
4877.347278485384 0.8516871717314592 0.8839913735051004
4878.382849643651 1.00672276628461 0.9089611614876235
4879.418640677108 1.2309800874392842 0.9118250079704139
4880.454651632424 1.2444590893050747 0.9033553813495112
4881.490882556311 1.0200282526708098 0.9029273666094337
4882.527333495463 1.0206426288677748 0.901106743504498
4883.564004496586 1.2505945000136962 0.8936784419989088
4884.600895606432 1.2417975499224463 0.8914929874856018
4885.638006871697 1.163154704921372 0.90105251658731
4886.675338339145 1.1146244513557582 0.9139408454725855
4887.712890055539 1.0131465549357888 0.9147430985572289
4888.750662067623 0.9133932286015123 0.8981761217842559
4889.788654422189 0.8413220265213849 0.8888564692920397
4890.8268671660135 0.8860942968292183 0.9150777368345882
4891.865300345889 1.037679392330997 0.9586192276123885
4892.9039540086105 1.079822429346666 0.9893876897504563
4893.9428282010085 0.9107878121128615 1.0035262943519219
4894.981922969898 0.9633208954422925 1.005895619070534
4896.021238362103 1.1285837810374417 1.0039638583590713
4897.060774424486 1.0077505313876844 0.9961195711698865
4898.10053120389 0.980424296768519 0.9809584950754955
4899.1405087471785 1.0873276767439657 0.9730653387183716
4900.180707101217 1.2185612991646162 0.9764203932299593
4901.221126312896 1.1547335634682387 0.9747597900198612
4902.261766429118 0.9085559052021386 0.9727208697386697
4903.302627496777 0.9341845612697913 0.9855438841760533
4904.343709562777 1.101105660429038 1.0041402705591842
4905.38501267406 1.1071021666846947 1.0097187534091416
4906.426536877539 0.9624398754124037 0.9973528326272457
4907.468282220185 0.8966630669053298 0.9732409391278292
4908.510248748915 0.811359273547796 0.9488421975157547
4909.5524365107085 0.8632053848212385 0.9414171464711537
4910.594845552558 0.9290359837347514 0.9559591332682222
4911.6374759214095 0.7780030100973895 0.9768191057772596
4912.680327664274 0.882752365319352 0.9950056894685932
4913.723400828172 1.1184567920307762 1.009532987222348
4914.76669546008 1.1056147029179029 1.008225245115388
4915.810211607039 0.8590712902521114 0.9827311829836833
4916.853949316091 0.7125014919566125 0.9411167816639658
4917.897908634268 0.6676641439289145 0.9038925351442335
4918.942089608615 0.7632832532108951 0.8912661078620516
4919.9864922862125 0.756436533712342 0.9088718112518268
4921.031116714124 0.7050034892956825 0.9267354256167768
4922.075962939423 1.0027040114201564 0.9230534606862388
4923.12103100923 1.0389995276819133 0.9294230966288338
4924.16632097061 0.8709795798334062 0.9621527327669099
4925.211832870704 0.825441951202265 0.9931479915608624
4926.257566756616 0.7793399885753344 1.0061551041171974
4927.303522675487 0.8356201373853545 1.0139067748702713
4928.349700674479 0.9525584561514533 1.0176994000890565
4929.396100800708 1.0427814935127686 1.0140008164941265
4930.442723101362 1.0487596503964414 1.001332108995162
4931.489567623608 0.9661893000362942 0.9743115394753956
4932.536634414618 0.9098123521284773 0.9559972081973453
4933.583923521601 0.8744027346545953 0.9691570586016578
4934.631434991753 0.8609643216532403 0.982540169453603
4935.679168872277 1.052702639289556 0.9705350404412312
4936.727125210406 1.0458274609798341 0.9487998702814664
4937.775304053379 0.828213633435153 0.9453589717919689
4938.823705448431 1.1298148384540445 0.9713205996196166
4939.8723294428155 1.4348580525914276 1.0023078396798968
4940.921176083795 1.2072576958402963 1.014059055767684
4941.9702454186345 1.0869645187187582 1.0175115677199154
4943.019537494624 1.225498141489396 1.0152460701975927
4944.069052359067 1.054299348614964 1.0060247662266837
4945.118790059248 0.9126743483204308 1.0026157962405087
4946.168750642497 1.0127439941163239 1.0099234928905858
4947.21893415613 1.0387963208303743 1.0147898673201226
4948.269340647479 0.908543318202949 1.01517361465162
4949.319970163887 0.8352841347271579 1.0148248849141808
4950.3708227526995 0.9518091460953755 1.010404959864971
4951.421898461296 1.0558728961346178 1.0022295377530854
4952.4731973370435 0.9798986130131396 0.9989652210143805
4953.524719427314 0.9323300904947506 0.9955116383775799
4954.5764647795195 0.9725743738044536 0.969428143863438
4955.628433441047 1.1187107076629081 0.9271800203627066
4956.680625459326 1.1724106471431726 0.9210634100958991
4957.733040881764 1.01798492448339 0.9665496603577666
4958.785679755821 0.8477864742948388 1.0084757453488862
4959.838542128904 0.8687511534575009 1.015529738086406
4960.891628048495 1.015205167284746 1.0137971786844644
4961.94493756204 1.1303070924222218 1.0134456705929282
4962.9984707170215 1.1776405976645494 1.0053414040628705
4964.052227560934 1.251974074384496 0.9887371475000776
4965.10620814126 0.7970935748820038 0.979498664076851
4966.160412505506 0.4964501448603917 0.9783944921401574
4967.2148407011855 0.7393946197523215 0.9783411121923828
4968.269492775816 0.9307472973191541 0.980033776041596
4969.324368776937 0.9918574708511189 0.9854748382112182
4970.379468752106 0.9902659181102702 0.9957182046752556
4971.434792748867 0.956706449667078 1.0056028702798565
4972.490340814776 0.8796116281939149 1.0124130858371534
4973.546112997426 0.8802325216866502 1.0145480638084956
4974.602109344393 0.9608527573431849 1.0092379202270199
4975.658329903273 0.9138580176993963 0.999546984720115
4976.7147747216695 0.8975743659088111 0.9887469274106622
4977.77144384719 1.0129656949475014 0.9822406959154804
4978.82833732747 0.916314033289797 0.9743232446768606
4979.885455210152 0.764328167448273 0.9525201244646291
4980.942797542873 0.8989863081258239 0.9229247941041462
4982.000364373292 1.0085677043263177 0.9100180775413016
4983.058155749061 0.8071821788198023 0.9228950276824847
4984.116171717868 0.7467527528466212 0.9482997797450626
4985.174412327408 0.9710594255794972 0.9765986333676444
4986.232877625369 1.1642507254103285 0.9947036739154488
4987.291567659447 1.1155219662242868 0.9939284272370476
4988.350482477375 0.8960064916316324 0.981161659311345
4989.409622126875 0.9743653389674334 0.9707784656195272
4990.46898665568 1.0956771313409108 0.9732496220498654
4991.528576111531 1.084274084652323 0.9778141617488763
4992.588390542201 1.0575962443722708 0.9795729992890785
4993.648429995448 1.090692534780031 0.9868085803763756
4994.708694519041 1.0868882535398863 0.9938030281302801
4995.7691841607875 1.0461136526355306 0.9928789598614743
4996.829898968473 1.1121532260844236 0.9841444843625231
4997.890838989898 1.1678242813290691 0.9675671236798893
4998.952004272898 0.8799755227988849 0.9497740419722606
5000.013394865293 0.6956154761906651 0.9402476192736235
5001.075010814911 0.7903633450890266 0.9442437098419756
5002.13685216961 0.7831507705351195 0.9497939851716201
5003.198918977268 0.8176786426491937 0.9395253953103364
5004.261211285715 1.0762633025036341 0.9208737043365784
5005.323729142859 1.4201666060779299 0.9221739899181991
5006.386472596579 1.290198054839812 0.9516583414209292
5007.4494416947655 1.1368722707890697 0.9772293329061298
5008.512636485337 1.1608421987591988 0.9782101746175056
5009.576057016231 1.0349216977860793 0.9642283404882397
5010.639703335342 1.001437065232826 0.9438982140706351
5011.703575490637 0.9981560279954653 0.9274047256517322
5012.7676735300465 0.851668785811308 0.9244373261046744
5013.831997501551 0.9447623919192251 0.9342252995802314
5014.8965474531005 1.150837537348238 0.9348337724331858
5015.961323432705 1.204180871977048 0.9126240818798027
5017.026325488318 1.0139153381473884 0.8948446871751183
5018.091553667968 0.7641662573677613 0.9105014926494357
5019.157008019648 0.7609696332286676 0.9353077927065001
5020.222688591398 0.9410636495306277 0.9422571213910349
5021.2885954312405 1.076702597229908 0.9468018173826074
5022.354728587207 1.1739330868396016 0.9599416456802621
5023.4210881073695 1.1704073168806064 0.9709488189237316
5024.48767403978 1.0388826129883717 0.9686580371669871
5025.554486432503 0.9702515450397962 0.9565667560638835
5026.6215253336295 0.9700301670610755 0.9538698428976526
5027.68879079127 0.9611971655629316 0.9651590690800527
5028.756282853491 0.896153613382151 0.9719364511425954
5029.824001568434 0.9536827921034632 0.9756909538725843
5030.891946984205 1.0743391912578655 0.9874648416475109
5031.960119148955 0.9407861557234792 0.995627982503617
5033.028518110809 0.7999627226642967 0.9844796852165862
5034.097143917949 0.7852035540971971 0.9611839553006125
5035.165996618503 0.6762055106434524 0.953270094202415
5036.235076260666 0.6630563436194233 0.9590369452378531
5037.3043828926275 0.9031015430994177 0.9479813385356569
5038.3739165625775 1.0815149284456922 0.9194637941010011
5039.443677318719 0.9302524068236329 0.8938761019374628
5040.513665209259 0.8250025772599272 0.9069568638038874
5041.583880282441 0.8648755513807311 0.9523762275662954
5042.654322586484 0.8886143223236129 0.9830202870974025
5043.724992169652 1.056582181834628 0.9974614520566324
5044.795889080193 1.1854532230768708 1.001220081650497
5045.867013366363 0.9690995194908801 0.9878886961268194
5046.938365076458 0.8830112040406378 0.963698693315147
5048.009944258747 1.0591631493840972 0.9513820804595122
5049.081750961546 0.8892769643968668 0.9495073576710662
5050.153785233154 0.7228285194690522 0.9506150670426077
5051.226047121879 0.7536979049850685 0.9594516150984568
5052.298536676068 0.8462813080506989 0.9743138635816821
5053.371253944049 0.8101810184823437 0.9791567207258759
5054.4441989741645 0.979495342516629 0.9757224846217665
5055.51737181479 1.236270942706031 0.9784807598350009
5056.590772514286 1.235167216567454 0.9888459241772745
5057.664401121031 1.0401438685794642 0.9956106840960961
5058.738257683408 0.8098175104905325 0.9983683915128225
5059.812342249834 0.7564095470009625 1.001783166977019
5060.886654868709 0.8359509351419843 1.0007742006753966
5061.9611955884475 0.9457186354461984 0.9861150021515166
5063.035964457488 0.9317406873457398 0.9617184825555088
5064.11096152428 0.9858358167672443 0.9526842826401498
5065.186186837268 0.9896543233971568 0.960002459844643
5066.261640444913 1.0106876580694264 0.9620468699282092
5067.337322395686 0.916605249139552 0.9634130571206276
5068.413232738061 0.8809266785067277 0.9711797776945204
5069.48937152055 1.137980957315048 0.9704871750953459
5070.565738791645 1.1677503887764529 0.9586364699611902
5071.642334599852 1.1095272900204032 0.9557335698319305
5072.719158993702 1.1032349760355953 0.9588943131237166
5073.796212021749 0.9492158327506098 0.9586130272302731
5074.873493732499 0.8909666051092657 0.9631424619429341
5075.951004174535 0.716711522821444 0.9664447288498763
5077.028743396403 0.4926895780997424 0.9500175406831346
5078.106711446688 0.7173175864372597 0.9260263494593074
5079.1849083739835 1.0823442471465246 0.92474008310106
5080.263334226877 1.267829766097602 0.9426685908524691
5081.341989053965 1.4431122811829313 0.9528516944861984
5082.420872903882 1.328233387892185 0.9579818627482244
5083.499985825246 0.9420008174276974 0.9667229638370576
5084.579327866685 0.9032893938495938 0.9725739852005673
5085.658899076874 0.92444686335721 0.9712671983463402
5086.7386995044335 0.8083271760877647 0.9718535211718888
5087.818729198049 0.917250694634726 0.9749344986643743
5088.89898820642 1.0355166661519835 0.9754904066276081
5089.979476578195 1.0443811318854868 0.9770965371434179
5091.060194362104 0.8196357871243856 0.9835287112387913
5092.141141606845 0.6976885327647887 0.9877687561673073
5093.222318361129 0.8476378257274392 0.9854468210413757
5094.303724673704 0.7875788785811972 0.9741930026713057
5095.385360593294 0.6172129484741665 0.9541859831726136
5096.467226168666 0.5993453755378964 0.9332501631895044
5097.549321448572 0.7103091474622966 0.925604963850168
5098.6316464817755 0.8011765394661499 0.9360553695058031
5099.714201317067 0.912011209122596 0.9572003333130484
5100.796986003257 0.9615246422329057 0.9718515088795731
5101.880000589111 0.7243226483267559 0.9741544730503828
5102.96324512347 0.6769807821419992 0.9710133753108929
5104.046719655139 0.7845897381454484 0.9668595451861599
5105.130424232969 0.7869946242473106 0.9582453783950577
5106.214358905796 0.8957946687330741 0.9504523706723861
5107.298523722474 0.9266119191058747 0.9497466484188128
5108.382918731858 0.9194069158641902 0.9509107152775563
5109.467543982842 0.9700534875767542 0.9573877315405495
5110.552399524293 0.839074139842423 0.9695830785769927
5111.637485405125 0.7013637162624952 0.9771154734841629
5112.722801674236 0.9733631652857699 0.9787254308762555
5113.808348380532 1.1689082369957902 0.9789892415388928
5114.8941255729505 1.0595536010830402 0.9825353876691229
5115.980133300447 1.0242181126223975 0.9885093409213881
5117.0663716119325 0.9602667304555218 0.9898651198324616
5118.152840556383 1.0043298069058075 0.9835758144656954
5119.239540182776 1.06916407202446 0.973508727202534
5120.326470540083 0.9493048628628188 0.9620326209755806
5121.413631677293 0.9282123958917581 0.9485150673881854
5122.5010236433955 0.9882033280334827 0.9382579114161212
5123.588646487419 0.8998955056663872 0.9382937183708342
5124.676500258367 0.9310068895209537 0.9420781389121232
5125.764585005298 1.0543719324822103 0.9435060168654534
5126.852900777215 0.9069095234249456 0.9418297796043721
5127.94144762319 0.8845966851291321 0.9431685107683135
5129.030225592293 1.2406213622459583 0.950772650372125
5130.119234733588 1.0996136271821846 0.9571650430534424
5131.20847509615 0.9429847625182194 0.9573595932672672
5132.29794672909 0.7363071889038225 0.959392151396207
5133.387649681503 0.6348026533039619 0.9679616113039482
5134.477584002493 0.9270787906462514 0.966732117221192
5135.567749741204 1.1765385969256092 0.9532907684377936
5136.658146946763 1.0372740041691215 0.9388253706980776
5137.748775668305 0.947971698168785 0.93260906709892
5138.839635955005 1.0739270699310237 0.9411020865688249
5139.930727856021 0.9436842673621916 0.9452666549860995
5141.022051420528 0.8370723346345212 0.9381838124855587
5142.113606697707 0.7082031515264502 0.9409488877423168
5143.205393736763 0.48006519153427535 0.9494958416726524
5144.297412586913 0.7111666555169367 0.9468894348739415
5145.389663297368 1.0946149907501166 0.9408873933309628
5146.482145917358 1.2126275936466921 0.940048575916798
5147.574860496111 0.9887053566762967 0.9461032071203463
5148.6678070828975 0.9020962716478726 0.9494740165278608
5149.760985726967 0.9501031210092078 0.9450115297408583
5150.854396477593 1.0203589491031646 0.939629948734455
5151.948039384045 1.2261547719828967 0.9359315730406741
5153.041914495636 1.1035057913976434 0.9398210957954152
5154.136021861647 0.8643166879753283 0.9527244573150087
5155.230361531412 0.8500444899444761 0.9651141350638484
5156.324933554244 0.9206546476034144 0.9723516816006763
5157.419737979468 1.042165756294879 0.9731319318788336
5158.514774856436 1.1652702587773764 0.9698491566684959
5159.610044234514 1.2506016626503862 0.9624674791059
5160.705546163057 1.3947562739891388 0.9537241891775077
5161.801280691441 1.1515873151761205 0.9511031466322668
5162.897247869043 1.084029954309843 0.9428388310789008
5163.993447745278 1.1918901608950743 0.912492712729564
5165.089880369544 0.9197179178582601 0.8705462634362344
5166.186545791258 0.8132047812609118 0.8414052381603186
5167.283444059841 0.9512950186271694 0.8497744960248748
5168.380575224738 1.037126559979454 0.8833125219727971
5169.47793933541 0.8692928766382255 0.8908872494510564
5170.575536441296 0.6633693515327076 0.8677333677378062
5171.673366591886 0.9028203170627228 0.8683150070780721
5172.771429836652 1.1415544264757542 0.911495220572355
5173.869726225074 0.9620864662834504 0.9516955496671821
5174.968255806683 1.0248336770021593 0.9600184080570003
5176.0670186309535 1.1906408216848374 0.9620215685571655
5177.166014747437 0.9590243131114895 0.9636858786312681
5178.265244205655 0.9373687482805997 0.9613290158716616
5179.364707055144 1.0853438218105915 0.9496554491551933
5180.464403345477 1.0327650822321934 0.9195687430731647
5181.564333126208 0.7395063038943822 0.8737148849132058
5182.664496446904 0.5644879055163597 0.8611716195388959
5183.76489335716 0.6386207424945498 0.8996173730861243
5184.865523906591 0.7348988249165738 0.9344966808925615
5185.966388144766 0.7390814847645784 0.9428430502320837
5187.067486121322 0.9196861369188837 0.9404212143603256
5188.168817885896 0.9643570383551782 0.9435707269811275
5189.270383488117 1.0217393114645812 0.9361782481324499
5190.372182977624 1.076618063887439 0.9172706715953078
5191.474216404096 0.9528117574882878 0.9162892174046506
5192.5764838171945 0.8978945228948583 0.9284949164934866
5193.678985266589 0.9541853909639512 0.9295694436396473
5194.781720801991 1.0838793021536781 0.9269411363362153
5195.884690473083 1.0426599580590017 0.9305921185541366
5196.987894329595 0.9764079471759256 0.9400890043664316
5198.091332421242 1.1182464036263928 0.9511979152192533
5199.195004797748 1.2529030251009354 0.9554629400401161
5200.298911508884 1.2446384386445446 0.9527886139849446
5201.403052604368 0.966176924085264 0.946673575221592
5202.507428133983 0.7644482804417454 0.9331243392103616
5203.612038147515 0.7014092080122027 0.9162283166374451
5204.71688269474 0.6429786408557865 0.9130566871953468
5205.821961825455 0.8106203412157434 0.9160296631655563
5206.927275589459 1.0646029741096017 0.9165263682213176
5208.032824036587 0.9913067707305633 0.925213383588809
5209.138607216651 0.7958869859373848 0.9403303873066857
5210.244625179506 0.6593153196991386 0.9530242998890888
5211.350877974985 0.6150850732301415 0.9605920266264261
5212.4573656529765 0.7662990580870797 0.9550463050630031
5213.564088263313 0.8396258695766636 0.9383827975772215
5214.671045855895 0.7487774201205069 0.9285397699769463
5215.778238480623 1.0094610253574035 0.9340616797754617
5216.885666187392 1.3087249321623593 0.9493730296608649
5217.993329026115 1.223174251454038 0.9618833959318296
5219.1012270467145 1.0763137777973488 0.9656734533089546
5220.209360299116 0.8706757766938666 0.9646679036984638
5221.317728833275 0.7790999294580808 0.9574128409716611
5222.426332699155 1.0275384687527678 0.9414472252601336
5223.535171946714 1.1125146236696406 0.9169358935874046
5224.644246625919 0.853798432024268 0.8896379266532866
5225.753556786776 0.6522854028141608 0.884359783967569
5226.863102479274 0.6447497141137946 0.9132194536776735
5227.972883753422 0.828012905887699 0.9426253106118815
5229.082900659229 0.9524510577862187 0.9526875909713302
5230.193153246736 0.9858037506356444 0.9463450411820222
5231.303641566001 1.1278955561138917 0.9287245317085101
5232.414365667038 1.1227923656500716 0.9190959331080497
5233.525325599927 1.0629582663050676 0.9249900564526083
5234.636521414759 0.979690487403605 0.9369563908459034
5235.747953161581 0.9768699013773162 0.9472196548867752
5236.859620890505 0.9362893054582848 0.9530530446080685
5237.9715246516525 0.8802980568671452 0.9561741469799582
5239.083664495103 0.8315852026672523 0.9587877477751363
5240.196040471001 0.8015230440879068 0.958327404268642
5241.3086526295 0.8629006802212806 0.9555781998279083
5242.42150102071 1.0188008642487738 0.9589236555487509
5243.534585694816 1.0807430757777459 0.9629298129195922
5244.647906701969 0.9795133972309534 0.9551509344586476
5245.761464092366 0.9416360570080055 0.9434217766372747
5246.875257916176 0.986545958434164 0.9414243442533625
5247.989288223621 1.1042288648395222 0.9396447857615704
5249.103555064891 1.124452545939018 0.9370257401860227
5250.218058490236 1.3195172632074919 0.9421549204652719
5251.332798549851 1.312017072893053 0.9478814854760058
5252.4477752940065 1.005359313877384 0.943727248564626
5253.562988772937 0.9144900408036999 0.9386500965130943
5254.678439036927 0.9944789287803504 0.9458741102246533
5255.79412613623 0.8098698014224458 0.9601225100532736
5256.910050121162 0.8821973985253722 0.9658349256265624
5258.026211041981 1.0261792397133138 0.9624405709412737
5259.1426089490205 0.9212701664410733 0.9493530136951803
5260.259243892581 0.9241172307041849 0.929554249769399
5261.376115923009 1.0223722160712643 0.9109351252821906
5262.493225090634 0.8482289837281174 0.8959172175858002
5263.610571445796 0.8404927693672517 0.8876394437658077
5264.728155038874 0.9392223331317074 0.8941575435304099
5265.845975920231 0.8911028692180397 0.9090842987143226
5266.964034140246 0.8208218334923145 0.9060704164157226
5268.082329749304 0.9780345020306118 0.8895474320629966
5269.2008627978175 0.8277364801468392 0.8969901411486503
5270.319633336208 0.8283545656025181 0.9210732675532898
5271.438641414883 1.0268329941049321 0.9290666334093165
5272.557887084305 1.0117434857260656 0.9203533474194787
5273.677370394882 0.7435056093661275 0.9101050079263819
5274.797091397099 0.7685567886277165 0.918830163800333
5275.9170501414055 0.8662948166298347 0.9415745357428438
5277.037246678297 0.6127951573419365 0.9530686431997699
5278.157681058245 0.7350404751958179 0.9477764746527677
5279.278353331765 1.10334233397361 0.9390264859980567
5280.3992635493605 1.1371655630350714 0.9329248166637447
5281.520411761552 0.9166378062198802 0.9257576712638972
5282.64179801887 0.8549987140173669 0.9265551522734985
5283.763422371848 0.7997324543932313 0.9444836306581097
5284.885284871058 0.9052961617408387 0.9620684260755623
5286.007385567044 0.8637052082094577 0.9665860666944388
5287.1297245104015 0.8260626764806939 0.9653263611948318
5288.252301751696 0.9375322563498659 0.9669031530833749
5289.375117341541 1.0849429863700988 0.9676043971845243
5290.498171330536 1.1476133905116086 0.9637618297812329
5291.621463769288 1.0514700170209774 0.9591161527250194
5292.744994708445 1.21414549432215 0.9573157233891615
5293.868764198635 0.996014900009767 0.9519665988692646
5294.9927722904995 0.5795532724458977 0.9365074508295231
5296.1170190347175 1.0800167883489076 0.9217339709333774
5297.241504481942 1.2696065029072419 0.9256170928862515
5298.366228682873 1.060652815227264 0.9389466050385809
5299.491191688195 1.0035144132308713 0.9433609654701876
5300.61639354861 1.130002311484005 0.9429253575174261
5301.741834314834 1.1052031660815107 0.9492839085070864
5302.867514037582 1.0112947071726803 0.957059382781082
5303.993432767608 0.9260790410422644 0.9575823879101667
5305.119590555651 1.040190774471859 0.9525521865247295
5306.245987452457 1.2936342429052814 0.9510630785301438
5307.372623508814 1.1833691218420117 0.9556301995280156
5308.499498775483 0.8703311817423622 0.9601190487695201
5309.626613303261 0.7137967710026089 0.9604191207491026
5310.7539671429695 0.9080278356041732 0.9569993121227252
5311.881560345381 1.1683890712147902 0.9524343320722065
5313.009392961338 1.089135437627471 0.9467274609577274
5314.13746504168 0.8412681975115259 0.935203757502175
5315.265776637244 0.7660153780557314 0.9276504728880894
5316.394327798883 1.017312634954395 0.9354076606214095
5317.523118577463 1.2672043492257097 0.9468494555304391
5318.652149023849 1.1556595733597883 0.9519470432321132
5319.78141918895 0.9187434660527184 0.9515323996168162
5320.910929123651 0.7943217724920234 0.9468593870394171
5322.040678878853 0.6941093411082526 0.937061153343782
5323.170668505494 0.9238698493057254 0.9306921572847482
5324.300898054485 1.0583543844825092 0.9307022814603304
5325.431367576785 0.8567039631341632 0.9190261645680824
5326.562077123338 0.8988840722599325 0.8989638105157929
5327.693026745095 0.9674664824289153 0.9018407126719583
5328.824216493041 1.0509706061767108 0.9265435452696744
5329.955646418178 1.0857362673302344 0.9425416629591562
5331.087316571463 0.9350554639324762 0.9452566780937406
5332.219227003921 0.9418755437964653 0.9457767388689893
5333.351377766579 1.0706529880807356 0.947945672493652
5334.483768910455 0.9265842660406013 0.9460385088067365
5335.616400486586 0.66130396457057 0.9418133560629649
5336.749272546012 0.7781858944683795 0.9374813443761812
5337.882385139814 0.9184906263225167 0.9307010516175924
5339.015738319041 1.0553512880455038 0.9264509564865149
5340.149332134805 1.2731760802895722 0.9349599438999205
5341.283166638161 1.369507281795122 0.9474506791840401
5342.41724188023 1.062151843145437 0.9504765578747736
5343.551557912137 0.7423124979353741 0.9461383549220461
5344.686114784996 0.7063456275109947 0.9419079433766098
5345.820912549945 0.8471888068572949 0.9421032222259975
5346.95595125813 0.9366245428428408 0.9411943506265209
5348.091230960698 0.9548389200795404 0.9420658579364002
5349.2267517088385 0.992763498652269 0.9488403703228024
5350.362513553711 0.8130580484749305 0.954615548455047
5351.498516546515 0.6966244181870757 0.9551669954915503
5352.634760738462 0.7602739888451768 0.9572985322741983
5353.771246180754 0.9280616092939548 0.9620879233330484
5354.907972924614 1.1003334877027573 0.9642845958470991
5356.044941021276 0.9195741332672264 0.9640432001812724
5357.182150521974 0.976423025612884 0.963285860069311
5358.319601477984 1.180694264513839 0.9612390456114366
5359.4572939405625 1.0055830833101316 0.9552810975055893
5360.595227960977 0.9636012389067268 0.9469847236381582
5361.733403590535 0.8784647154839903 0.9420977074409962
5362.871820880526 0.6924916795254962 0.9408947378330844
5364.01047988225 0.6312869438014461 0.9410252652981332
5365.149380647048 0.8326671869426752 0.9419755805318866
5366.2885232262315 0.957993515330303 0.9407548138673225
5367.427907671163 1.2134085989762455 0.9347121403699472
5368.567534033186 1.1966401127855686 0.9254971830937011
5369.707402363656 0.8303487417462998 0.9236636868570614
5370.847512713967 0.7739767135992375 0.9358828894022029
5371.987865135487 0.9034308472149517 0.9505419508431031
5373.128459679631 0.8014152787982082 0.9575901184917661
5374.269296397789 0.8898156004574616 0.9587321966201534
5375.410375341408 1.0751042106626516 0.9568478826601714
5376.551696561881 1.3633931476994938 0.9551726380563175
5377.693260110666 1.3016307337271265 0.952447822209386
5378.835066039226 1.0085394479048033 0.9484762952073003
5379.977114399014 0.9969499712885218 0.9460105976684234
5381.119405241502 0.9169419206256924 0.9451700646355092
5382.261938618177 0.6023119754961058 0.9473988378720775
5383.4047145805225 0.5675977158783809 0.9530833736700021
5384.547733180057 0.8909508514025304 0.9552516347605831
5385.690994468315 0.9911027487742095 0.9538400699833898
5386.834498496787 1.0364259434024585 0.9512508385396965
5387.978245317041 0.9096734047823023 0.9474819652773017
5389.1222349806085 0.7709138579222978 0.945010655382875
5390.26646753906 0.9992005372288958 0.9444356275099974
5391.410943043977 1.1639696073200798 0.9443858968554073
5392.555661546933 0.8580582262408484 0.9447838616194757
5393.700623099512 0.7119179998494019 0.9428492610648617
5394.845827753339 0.8503690294379047 0.9365561839822427
5395.99127556002 0.9550974175787206 0.9346683314100249
5397.136966571182 1.0406277335182066 0.9417500081946293
5398.2829008384615 1.0195562488619143 0.9460736135493135
5399.429078413499 0.9255367704306139 0.9470255442648675
5400.575499347973 0.8087027304686473 0.9472090435039999
5401.722163693545 0.7077307454242865 0.9419431859964795
5402.8690715018865 0.6070623315602401 0.9327831806097734
5404.0162228247 0.7169005037343046 0.9300171067454212
5405.163617713699 1.1015230091602957 0.9365240514542399
5406.311256220588 1.02075256533101 0.9427670539259915
5407.459138397094 0.8367383353602457 0.941519371023172
5408.607264294941 0.7545649562564801 0.9394193031643054
5409.7556339658895 0.92156442586451 0.9451548082674448
5410.904247461715 0.9864880787580669 0.9523939325123812
5412.05310483415 0.9340890909819081 0.952876673496775
5413.202206135003 1.008712145224729 0.9506625523729425
5414.351551416046 0.9100661887076963 0.9539025200150495
5415.501140729101 0.6870042599572813 0.9588500696058548
5416.650974125973 0.7278225153190216 0.9591039236731327
5417.801051658476 0.7291090970764319 0.9559987776164807
5418.951373378465 0.6707253225465973 0.9545997724211388
5420.1019393377765 0.7183305987777351 0.956045737792252
5421.252749588268 0.6553907901839523 0.9549833129213718
5422.4038041817985 0.6620369123930772 0.9502856518903195
5423.555103170258 0.7859449129377433 0.9515612583627583
5424.706646605545 1.1810747546439018 0.9589073101447458
5425.858434539554 1.2228962473882061 0.9615701771261019
5427.010467024194 1.0552621392754664 0.9544767386661984
5428.162744111383 0.9333156168435721 0.9489033708938461
5429.315265853073 0.9217272769881146 0.9530028455548807
5430.468032301199 0.990265953640035 0.9568070360682963
5431.62104350771 1.0016245884784833 0.9543358736864178
5432.774299524592 1.108297490454785 0.9521266240685522
5433.927800403804 1.0024180895139143 0.9540121796171065
5435.081546197357 0.8134905378327407 0.9591688234307655
5436.235536957231 0.7284559089742818 0.9653587995306213
5437.389772735466 0.8449591084491145 0.9700192757201407
5438.544253584048 1.063608365048378 0.9715155897565158
5439.698979555031 1.3351585044204979 0.9712997225443477
5440.853950700477 1.4017475967729796 0.9708524480110831
5442.009167072405 1.0275093210054937 0.9688105722585844
5443.164628722901 0.9469047545240223 0.963380215784085
5444.320335704063 1.0803277258701633 0.9567521912303283
5445.47628806794 1.1209657838122866 0.9558339013772512
5446.632485866654 0.9559517434090894 0.9631521744947615
5447.788929152324 0.8995629058107254 0.9699607895006541
5448.945617977064 1.1062277134739078 0.972467451443998
5450.1025523930075 1.0415262675462509 0.9722970820274695
5451.2597324522885 0.6608438785535224 0.9709333703756768
5452.417158207082 0.9072660368106057 0.9665224274674225
5453.574829709546 1.1712050693001612 0.9611821833730071
5454.732747011848 0.9569859869727668 0.9628910297124432
5455.890910166197 0.8159319946519262 0.9705182999270481
5457.049319224781 0.7292788364622194 0.9755850547546556
5458.207974239805 0.715958435105081 0.9760942880788599
5459.366875263507 0.9913464753520318 0.9741863351727027
5460.526022348103 1.2532492214385036 0.9709614514857443
5461.685415545855 1.096680646967988 0.9692637477379387
5462.845054909001 0.9410126750070764 0.9720885976998836
5464.0049404898255 1.0548046777217497 0.9748233575061456
5465.165072340596 1.1448893202603942 0.9760858225786012
5466.325450513594 0.9159040288796427 0.9780286437192345
5467.486075061145 0.8492689098424333 0.9795170635265625
5468.646946035523 0.9505872016116769 0.9796473992242899
5469.808063489069 1.0808328625184422 0.9796812171734889
5470.969427474126 1.0278352608002244 0.9791819263430026
5472.131038043029 0.966849465372755 0.9789499436841915
5473.2928952481225 1.0612361762205975 0.9782701940282905
5474.4549991417925 1.114607711822326 0.9752464297367355
5475.6173497764075 1.0608343499634199 0.9746198721010315
5476.779947204346 0.9582991281265083 0.9792701569840777
5477.942791478028 1.1766528722616174 0.9834449909773353
5479.105882649854 1.129427421992829 0.9834382365338447
5480.269220772246 0.850549931827928 0.9836318493722044
5481.432805897627 1.0267975823676272 0.9864363240302616
5482.596638078462 1.1335049111521363 0.9899472739979427
5483.760717367197 1.0433722646942365 0.9917436815854344
5484.925043816287 1.1341511433128348 0.9910731489064499
5486.089617478221 1.1162165908107364 0.9901878977133325
5487.254438405506 0.8574527758745634 0.9916962761805242
5488.4195066506045 0.7560599934286093 0.9937447854724475
5489.584822266047 0.6454500364206127 0.9952351641711216
5490.7503853043645 0.9209812181413827 0.9959096523779134
5491.916195818082 1.3793149744243984 0.9964601098174666
5493.082253859743 1.1980322496284248 0.9978731687019499
5494.2485594818945 1.213779434373499 0.9990316288969505
5495.415112737122 1.1697372849900005 0.9991036460997612
5496.581913677995 0.6846558022091572 1.0004815573375228
5497.748962357092 0.7426050505822714 1.0027370527389279
5498.916258827023 1.023567891820965 1.0031726505138434
