4000.9246757820265 0.63457505114516 0.9610390315668269
4001.7741625960807 0.9201760347590044 0.9604647311893766
4002.623829775409 0.763827985522246 0.9462127027900621
4003.473677358292 0.8761694856921404 0.9149385988513254
4004.3237053830494 1.1873205978532169 0.893047584026476
4005.1739138879775 1.294657407555017 0.9104803783221318
4006.0243029114113 1.216226251190758 0.9576819395257952
4006.8748724916713 1.4081381891198295 1.0012558518368704
4007.725622667087 1.4343149425936101 1.0207600939944934
4008.5765534760167 1.1713125128823116 1.0234123564030202
4009.4276649568064 0.7930574816055627 1.0178110210615954
4010.2789571478165 0.48195282742659534 1.0032517344001484
4011.1304300874085 0.36061075657345854 0.9913291080649307
4011.982083813967 0.424785458850735 0.9962201945792674
4012.833918365892 0.7701777899727139 1.0116125301683556
4013.6859337815467 0.9949627588582568 1.0287068851480135
4014.538130099348 0.761864378387649 1.0370504930273443
4015.390507357712 0.5143168266101431 1.0327185835442982
4016.24306559505 0.5972785652766188 1.0299653965836697
4017.0958048497805 0.8890026557098217 1.0462518386159398
4017.948725160352 1.1280161918482539 1.0730165928405622
4018.801826565199 1.554267912863396 1.087803324413762
4019.6551091027654 1.2491317380645168 1.0819947110305201
4020.508572811524 1.1467505963343945 1.0684848691137037
4021.3622177299344 1.2087691436849248 1.0568857849731328
4022.216043896471 1.196801379244909 1.0433086067135229
4023.0700513496104 1.226249776159012 1.0256629576240863
4023.9242401278575 1.2754971401517605 1.0248259682850516
4024.778610269705 1.1295795077424466 1.0536770078420359
4025.6331618136537 1.2160630032890731 1.0877983858733717
4026.4878947982256 1.3163809968646658 1.0991349289876386
4027.342809261953 1.3515016263610415 1.0876332162792925
4028.1979052433594 1.3219258222015633 1.053209980889031
4029.053182780986 1.2245803797014048 1.0098353697404252
4029.908641913374 1.2727180716634532 0.9852650180965383
4030.764282679095 1.1465627070034816 0.9853260094420183
4031.6201051166986 1.0414448481575422 0.9979274728843199
4032.4761092647796 0.9993375779523982 1.0177456927753217
4033.3322951618907 0.8993848828348354 1.0407091063246452
4034.1886628466427 0.6599865900237806 1.0663335106851888
4035.045212357626 0.5927024665071414 1.0936905147175684
4035.90194373344 0.9862769968885559 1.1178621269107067
4036.7588570127123 1.1869390835222544 1.130191493481821
4037.615952234051 1.2305991134897984 1.1288603675962008
4038.4732294361 1.2408580890070955 1.1170131319679446
4039.3306886574924 1.2685020774853188 1.105587952877684
4040.188329936867 1.2540185566405522 1.1061936566979877
4041.046153312893 0.9554456960853793 1.11745931264595
4041.9041588242267 1.0960182039025557 1.1125077155198075
4042.762346509532 1.2887525246590439 1.0688207236976301
4043.6207164074967 1.442151071800006 1.000795216463946
4044.4792685568145 1.5260415703967292 0.9680099475298206
4045.3380029961754 1.3999307238400862 1.0056273406082321
4046.196919764276 1.0244872786922834 1.0663483125952968
4047.0560188998506 0.7944552266383709 1.0958353026648815
4047.915300441591 1.227639848952785 1.101739058092392
4048.774764428241 1.6939194563732445 1.10788904861975
4049.6344108985513 1.4536283888976316 1.1097902588265698
4050.4942398912394 1.1201975373782265 1.096666047302143
4051.35425144508 0.9846718961018658 1.074336602201341
4052.2144455988278 1.0327911691165785 1.0551850804168774
4053.0748223912456 1.038685592430717 1.0470964325530987
4053.9353818611194 1.48279061320929 1.0496206637086625
4054.7961240472428 1.6858546717716985 1.0542798296459897
4055.657048988403 1.1313512610115806 1.0508876287243678
4056.5181567233963 0.805963972030169 1.0456951103505077
4057.379447291048 0.7823451591581924 1.0549686257477344
4058.2409207301707 0.7644662921981492 1.080154547254738
4059.1025770795845 0.5455105536569919 1.1005581669286302
4059.9644163781404 0.8300520355696671 1.0949046317725764
4060.826438664668 0.9056084429178477 1.0565784515241354
4061.688643978034 0.6479354100834435 1.0055020833653927
4062.551032357092 0.45368699418230035 0.985633427952237
4063.4136038407114 0.46224650172171133 1.016656032882322
4064.2763584677614 0.732399082778284 1.0487082522069153
4065.139296277143 1.2030925217707262 1.045082765480274
4066.002417307742 1.123166878477364 1.0370741521205118
4066.86572159846 0.7076181083996734 1.058031639759887
4067.729209188201 0.994968239079104 1.087344815620216
4068.5928801158975 1.0065225700534144 1.0850001092295873
4069.456734420462 0.9188995251814814 1.0487846204244597
4070.3207721408367 0.9963667907681231 1.0185275265993936
4071.1849933159724 1.2933671656110475 1.023623891566026
4072.049397984813 1.401214750030539 1.0492851632363556
4072.9139861863114 1.7794132846015227 1.0581979862240118
4073.7787579594574 0.984791123926232 1.0318199521513407
4074.643713343198 0.6287293050357409 0.9765609095500503
4075.5088523765335 0.8742604632884425 0.919242299300669
4076.374175098463 1.0850861718501639 0.8947780257193273
4077.2396815479815 0.8521972024029338 0.919696488780855
4078.1053717640975 0.7674307618895212 0.9709878724802259
4078.971245785822 1.3534471490116573 1.0138661449974729
4079.8373036521957 1.3055435188191487 1.0322873217061836
4080.7035454022457 0.8998272267281655 1.0262272149061635
4081.5699710750146 0.710171664568621 1.0008675779599854
4082.436580709546 0.8117007879424505 0.9696142996277153
4083.3033743449137 0.953403558658131 0.9440082217316045
4084.170352020171 0.8360997091006255 0.9297747798982365
4085.0375137744077 0.7312417791231506 0.9283726357592428
4085.9048596466937 0.47327732062166894 0.9352833935884994
4086.7723896761363 0.39414021915686387 0.9368616337841745
4087.640103901821 0.49670334761803464 0.9242890116825361
4088.508002362872 0.6224448919242225 0.8999828897573523
4089.3760850983995 0.7726290781578116 0.8720258102103354
4090.244352147528 0.9448416030449676 0.8424117370260005
4091.1128035493853 0.9943203052887615 0.8139283358011724
4091.981439343128 0.8603515240417152 0.7886139463072517
4092.8502595678992 0.7340516203223851 0.7587197048509573
4093.7192642628575 0.6327422188913523 0.7140922910917924
4094.588453467163 0.5918442488587149 0.660420430921957
4095.457827219999 0.5978691930609615 0.6084137146281732
4096.327385560557 0.5686343441202285 0.5612198158242012
4097.19712852802 0.45232610296952264 0.5124784840885008
4098.067056161582 0.400461869819983 0.45293270094540555
4098.937168500467 0.40856467279604936 0.3783885295648798
4099.807465583885 0.4182305651610568 0.3099812714737509
4100.677947451052 0.21666534243377195 0.2871169043041612
4101.548614141219 0.26485960861370866 0.3280009216781201
4102.419465693621 0.45272527602636836 0.406536447143763
4103.290502147498 0.5569348222643159 0.4874058813889993
4104.161723542126 0.5398997353324338 0.5564898633442218
4105.033129916765 0.718694296538679 0.614520852239044
4105.9047213106805 0.7657037428021289 0.6610839319042444
4106.776497763174 0.8028698540158193 0.697520235624161
4107.648459313521 1.0519580739098802 0.7242071406210453
4108.520606001037 1.2212579006089568 0.7449136988586775
4109.392937865025 1.2841005787815754 0.7678168455820922
4110.265454944792 1.1766149323490032 0.7994943346911084
4111.13815727968 0.7202348934547477 0.8379766283357588
4112.011044909015 0.6441547716641377 0.8814554007783131
4112.884117872133 0.9844322750593772 0.9235516226614263
4113.757376208398 0.9111929272570629 0.9578750813640832
4114.630819957161 0.786986154987036 0.9844785927764502
4115.504449157791 0.7233573988573543 0.9970068917437614
4116.378263849655 0.726615054008654 0.9888519192983869
4117.252264072153 0.7521700145446943 0.9756741057481346
4118.126449864668 0.7827303112445615 0.9817459949373779
4119.000821266594 1.0533183468784963 1.0059035942245678
4119.875378317357 1.0069336622067653 1.0239390132878465
4120.750121056364 0.9734372725995245 1.0276217146790496
4121.625049523035 1.0113369739618783 1.0321203272590171
4122.500163756819 0.9155519153438436 1.0493358527863008
4123.375463797143 0.8575307090494657 1.069645384791896
4124.250949683474 1.0630911386138475 1.0760848390213806
4125.126621455255 1.374210972048845 1.062242125724674
4126.00247915197 1.075621267089495 1.0386577197719546
4126.878522813086 0.931086721575629 1.02285049082203
4127.754752478089 0.7784914897581544 1.023556033138755
4128.631168186464 0.6638988796587362 1.0313459055157874
4129.507769977727 0.8138626416213441 1.0334783362034046
4130.384557891379 1.0097681998026307 1.0298728852222254
4131.261531966931 1.0073095870801956 1.0342414896508338
4132.138692243919 0.9301848713821982 1.053364795509863
4133.016038761883 0.8853042440138086 1.080596184077867
4133.893571560359 1.03398769226268 1.1083659325100792
4134.771290678899 1.263123454192985 1.1309022498354226
4135.6491961570555 1.5018121354540626 1.140499497793697
4136.527288034412 1.4776563925276662 1.1462150274332923
4137.40556635053 1.1771427296062653 1.1594144370341346
4138.284031145016 0.9466938476176741 1.1733931019257295
4139.162682457436 1.183730312375777 1.1762752253250115
4140.041520327412 1.2889656391506341 1.1621141077374393
4140.92054479455 0.9282566285610725 1.1266977303183372
4141.799755898458 0.969221221465758 1.0846834618009036
4142.679153678772 1.142282139311769 1.0704430903554238
4143.558738175136 1.2299096200388777 1.0947636722598713
4144.438509427185 1.2699642164343425 1.1271798158965975
4145.318467474565 1.1644506744495995 1.1467134963564853
4146.198612356952 0.8500462740166217 1.1559835662913907
4147.078944114007 0.9693503277542873 1.1544695646453775
4147.959462785408 1.187000031948959 1.1423751333948837
4148.840168410834 0.865825399937929 1.1341319240629109
4149.721061029994 0.7156602918565069 1.13782992677926
4150.602140682577 0.9551436130674181 1.1425603679008651
4151.483407408308 1.4145369037451632 1.1391978094694495
4152.364861246901 1.6972495045113054 1.127808070989344
4153.246502238082 1.5912374661649598 1.1193039363864796
4154.128330421583 1.373255608687276 1.121196020476866
4155.010345837162 1.1888174110444758 1.1257902088152352
4155.892548524566 1.0465246946243585 1.1327425236925666
4156.77493852355 1.185865645324105 1.1462386913709761
4157.657515873898 1.473808635056262 1.1612695415537824
4158.540280615383 1.6516863086710996 1.167277946283179
4159.423232787784 1.5903994618166937 1.1627298139458224
4160.306372430905 1.3904564170880407 1.1608814919769153
4161.189699584557 1.2627070694842284 1.1693966533020734
4162.073214288538 1.1843940295698931 1.179156888259895
4162.956916582692 1.0908326778937294 1.1865814228913893
4163.840806506819 0.81751430015888 1.190794869457423
4164.724884100778 0.9865806520207366 1.1856997220023002
4165.609149404401 1.3780698546266985 1.1732019183834743
4166.49360245756 1.43096347088918 1.1694190588257367
4167.378243300101 1.1846115639829347 1.177553663247842
4168.26307197192 1.0088360897970279 1.177901544539091
4169.148088512866 0.973699641781989 1.1538966067861125
4170.033292962852 0.7226455965501131 1.1118771707788697
4170.918685361767 1.0887860275915227 1.072330754089084
4171.804265749509 1.4232014074261323 1.0579106041716195
4172.690034166 1.3906655660343066 1.0750682736296082
4173.575990651171 1.409322228963781 1.1068118539760217
4174.462135244945 1.2479105472676597 1.1268202846055957
4175.348467987254 0.897171166693212 1.1223503202880478
4176.234988918061 0.6912708222331911 1.1023905786180896
4177.12169807731 0.7935158401462269 1.0920077393693945
4178.008595504985 0.9109149264557956 1.1067239735032754
4178.895681241032 1.1900679397846943 1.1339030069928093
4179.782955325456 1.0740203419276795 1.1482217674901356
4180.670417798231 1.0409351121191697 1.1467640668410704
4181.558068699372 0.9845986419988758 1.1452126195600763
4182.445908068879 0.9103595952070322 1.1519801040634237
4183.333935946768 0.9598689844381694 1.164655864513207
4184.222152373056 1.1995264777259103 1.172733271994494
4185.110557387791 1.3732590544381489 1.1602484366925925
4185.999151031001 1.339177147328216 1.1375269405859545
4186.887933342749 1.1032216533206516 1.1360658981591338
4187.77690436308 0.8240856165525036 1.1585776845861078
4188.666064132075 0.913671137678577 1.174915998904701
4189.555412689803 1.5079910666555065 1.1724789643782356
4190.4449500763485 1.9235567043281885 1.1722801030156424
4191.334676331803 1.6355044902644882 1.190959226513348
4192.2245914962605 0.9708819806904503 1.2086489972604983
4193.114695609838 0.9251934473686118 1.2004612568532944
4194.004988712662 1.3415390189380605 1.1723536485994648
4194.895470844845 1.5485443813404844 1.1482274305369429
4195.786142046533 1.331710757040502 1.130674711471317
4196.677002357867 0.99587025011473 1.1123736890781062
4197.5680518189965 0.9644985587141601 1.1091049566892497
4198.459290470077 1.0337859149994795 1.1304941187576965
4199.35071835129 0.9424738195099068 1.147734276195738
4200.242335502808 0.7920041852246679 1.1425760911368343
4201.134141964809 0.9451259173106248 1.1357082398556488
4202.026137777502 1.0996605506524983 1.1418180944188043
4202.918322981085 1.03251666591782 1.1465800386061606
4203.810697615769 1.100031866013879 1.1489546136551159
4204.7032617217665 1.1625010705546972 1.1615205855170347
4205.596015339323 1.1655736580836058 1.1786163834351548
4206.488958508659 1.1221870700502035 1.1868388619670387
4207.382091270037 1.152555057976637 1.1829952202982605
4208.275413663704 1.3336995895447257 1.1747220720063984
4209.168925729916 1.5602458009536995 1.1758060314634928
4210.062627508959 1.6792872493508175 1.1887959262925498
4210.9565190410985 1.3586970551099553 1.20199320554378
4211.850600366639 1.0426143483638053 1.1989017420224763
4212.74487152587 0.9215765009748469 1.1703331442740152
4213.639332559097 0.9836386162263681 1.1236759600190054
4214.533983506628 1.2815353601835155 1.0994414409333904
4215.428824408793 1.5129349319231562 1.124974866558992
4216.323855305932 1.4977878373978954 1.170652408522861
4217.219076238376 1.4474536045210047 1.1989281049219038
4218.114487246476 1.5430971746344242 1.2080237415999635
4219.01008837058 1.0509096297116753 1.2136093520790598
4219.905879651069 0.6784232975120502 1.2162931684927298
4220.801861128304 0.9478163922857699 1.2065684086455948
4221.69803284269 1.1613785307656992 1.1855940448174398
4222.594394834588 1.1867824879014977 1.1571334919190908
4223.490947144413 1.263819518234331 1.121552063969
4224.387689812583 1.334892293720691 1.080795516659073
4225.284622879506 1.296145846376069 1.0541219565871591
4226.18174638561 1.3164120780601984 1.0761925338141358
4227.0790603713185 1.1494715038056482 1.1409516367892536
4227.976564877094 0.9634855325346515 1.1963221868736866
4228.87425994337 1.1203580868546805 1.2195521946040284
4229.772145610623 1.294393227555221 1.2165750033442781
4230.670221919315 1.376646652701729 1.1861283207078162
4231.568488909922 1.3372696438009006 1.1456675079524108
4232.466946622924 1.1508496360076879 1.1349425140679004
4233.365595098822 0.9940676172687127 1.149920036792077
4234.264434378128 1.0524481606090297 1.1540654944527422
4235.1634645013455 1.202226583193813 1.150954869101755
4236.062685508988 1.3240352020796478 1.155494545954486
4236.962097441607 1.5064108949771586 1.1574357488818385
4237.8617003397085 1.2052815355128526 1.1566375497403263
4238.761494243857 0.8560629517695623 1.1656677742531458
4239.661479194612 0.7840871987033374 1.1812593296882274
4240.561655232532 1.050563378554403 1.1858596439741285
4241.4620223981865 1.4562040589746288 1.1845467419931983
4242.3625807321505 1.6918471331016964 1.1944167095541272
4243.263330275028 1.5787290768523004 1.2045194163414026
4244.16427106741 1.2069265667372986 1.191932358093458
4245.065403149894 0.7332598679457056 1.1637360543920943
4245.966726563104 1.026245751164054 1.147572134648554
4246.868241347672 1.5550728786662629 1.1514244786049779
4247.769947544221 1.3664040149415928 1.1528782288725017
4248.671845193394 1.038404618990906 1.1405478704587453
4249.573934335832 0.9456822249579625 1.1376958813440523
4250.476215012208 1.0286792713068118 1.1566371684480874
4251.378687263175 1.1892140971195189 1.1708965196495402
4252.281351129432 1.3357130982762186 1.164132325538389
4253.18420665163 1.301793533980026 1.1542082969046754
4254.087253870488 1.2728443543419339 1.1623416507572977
4254.990492826691 1.46043490873605 1.1829974214919943
4255.893923560956 1.7364114020869326 1.1929705688680476
4256.797546114018 1.7821607847402596 1.1774392324173888
4257.701360526574 1.3664208818590124 1.148149940819552
4258.605366839374 0.8511163831171459 1.1203894685837226
4259.50956509318 0.6220880296307424 1.1094641671504766
4260.413955328714 0.8557149994388229 1.128945321789803
4261.318537586761 1.2399036303736641 1.1670940406605803
4262.223311908076 1.2084685872660663 1.1968114313904954
4263.128278333454 0.800435095816634 1.2112661005073373
4264.033436903668 0.7464042595791209 1.2200247808041258
4264.938787659537 1.1163845778525952 1.221367262201477
4265.844330641838 1.2329155479278495 1.2069795058688246
4266.750065891404 1.3411500313323037 1.1832229740824318
4267.655993449053 1.294997701599499 1.1619168672560563
4268.562113355609 1.1130454495267335 1.1392492725729528
4269.468425651925 0.9559827697556532 1.1063528891062104
4270.374930378844 0.9299195339069057 1.0823523549699061
4271.281627577214 1.0306801414817872 1.0907171989717255
4272.188517287918 1.1672545423403395 1.109823436533562
4273.095599551815 1.079461340652093 1.1143668703477474
4274.002874409804 1.0719525870865245 1.1227326895742926
4274.91034190276 1.0538362958070224 1.1498432047315053
4275.818002071601 0.9503052940549453 1.175994391115478
4276.72585495722 1.1833640759954753 1.1848239154356033
4277.633900600559 1.5820921609234961 1.179047341478128
4278.542139042514 1.6025152057022323 1.1629869157249402
4279.450570324043 1.2189474450031628 1.1497072385048395
4280.359194486083 0.9608314923914124 1.1471382008537125
4281.268011569578 1.2308418727781525 1.1485692398347
4282.177021615507 1.7193433111772423 1.150696443578212
4283.086224664824 1.859936353025489 1.1502678686481722
4283.995620758523 1.5417491870675497 1.1442256151391956
4284.905209937584 1.0731013182357247 1.1397208847398403
4285.814992243004 0.8143307766468363 1.1364966837828938
4286.72496771578 0.7139074241399399 1.121282751616939
4287.635136396933 0.6997951945704303 1.0874328863536387
4288.545498327494 1.1311120404116608 1.0589306218623549
4289.456053548487 1.5753637587314484 1.0678285278964288
4290.366802100943 1.5644526700212715 1.1061500227926702
4291.277744025926 1.2908290698490532 1.135460835734118
4292.188879364487 1.1624051184231659 1.1356477907985243
4293.100208157691 1.1753499299913048 1.1192884309480782
4294.011730446605 1.024663225019307 1.1078352081771332
4294.923446272321 0.8102310653439634 1.1019001343612973
4295.835355675946 1.118588136164415 1.0924411006304426
4296.74745869855 1.403450652920069 1.0705909947908947
4297.659755381267 1.1398956602704553 1.0337938733863512
4298.572245765206 1.0454400016980772 1.002497469812694
4299.484929891489 1.2079381579727757 0.9976240916822561
4300.397807801264 1.2054886573785841 1.0058362938647527
4301.31087953567 0.9539713803033293 1.0126092087498912
4302.224145135852 0.8360543332656051 1.0251525698179151
4303.137604642989 0.906815477969981 1.0416002904394397
4304.051258098234 1.0076713693091481 1.0477270019657499
4304.965105542776 1.0671125964399797 1.0389415430757412
4305.879147017818 0.9199035238614884 1.0173598707542728
4306.793382564526 0.8128044390144094 0.9972310619179172
4307.707812224129 0.7305512420626593 0.9989361902588455
4308.622436037835 0.7738223939059282 1.0224890386189125
4309.537254046858 0.8133818224597096 1.0459859388843
4310.452266292439 0.7514418663396466 1.0521365947226293
4311.367472815826 0.6639571289916718 1.0417271484757866
4312.2828736582605 0.6691054513860689 1.0278276793851142
4313.198468861002 0.7398680596297087 1.0278087055973726
4314.114258465316 0.7768824792935253 1.0554087627360444
4315.030242512472 0.8744153847497627 1.0962250539166336
4315.946421043762 1.3442621167199973 1.120130954943186
4316.862794100494 1.123463103903098 1.1183695240484985
4317.77936172394 0.7767847118541107 1.1023687560305115
4318.696123955427 0.7932199591918523 1.0804864291989782
4319.613080836281 0.7614609898012545 1.0626476499782083
4320.530232407816 0.7413307829568866 1.0556856941167632
4321.4475787113915 0.9063480960777266 1.0420112826499066
4322.365119788324 1.0974031008112701 1.0027503097407764
4323.28285567999 1.058536628586545 0.9489118219603283
4324.200786427738 0.9114933032445622 0.9117606077520465
4325.118912072957 0.9227352228483764 0.9169006959547661
4326.037232657011 1.0242527413307565 0.9520799822273194
4326.955748221307 1.0509138785617957 0.9791683216223045
4327.874458807234 1.0632175631913667 0.9750274334015039
4328.793364456202 1.032730799385028 0.9464762632751773
4329.712465209617 1.0672691365510982 0.9179192049826679
4330.631761108922 1.2150223284820199 0.9013504321603336
4331.551252195541 1.1608757507495109 0.8837440726370188
4332.47093851091 0.9235639514659705 0.8595724555457848
4333.390820096496 0.7733634400467777 0.8344657664091925
4334.310896993751 0.7072320197579824 0.8016034845056447
4335.231169244137 0.43719382059899703 0.7450222164178487
4336.151636889147 0.09357388926913963 0.6704957992386089
4337.07229997026 0.33601616132808 0.5997851680259937
4337.993158528964 0.6763779813637443 0.5395681396272533
4338.914212606771 0.7637967405343034 0.501539537432241
4339.835462245202 0.8063333863162556 0.5166083171213341
4340.75690748577 0.6245830826374233 0.5811952257348499
4341.67854837 0.4715121672543602 0.6502348794843944
4342.600384939453 0.583665497532232 0.7005784779209998
4343.5224172356475 0.799623102360227 0.7461053288223971
4344.444645300156 0.8449779032030592 0.7912081940166044
4345.367069174551 0.7990655901489554 0.8266591998870504
4346.289688900402 0.9113266209494192 0.8575965784140477
4347.2125045192915 1.0772286914297118 0.8919181322988105
4348.135516072812 1.1230730586073319 0.9154870822812249
4349.058723602556 1.1366056528050847 0.9087585920027358
4349.982127150151 1.0106552140588319 0.8838233302127314
4350.905726757208 0.8103747230503441 0.8812631080314635
4351.829522465347 0.9790100408302664 0.9163000036265542
4352.753514316219 1.1112712537338838 0.9619078428554073
4353.677702351455 1.0154241395786392 0.9945223547735166
4354.602086612717 1.0019985449786835 1.0174449502539515
4355.526667141677 1.1754655488996368 1.0346681223994962
4356.451443979997 1.3291394843243194 1.0406695816487601
4357.376417169352 1.2770352547635533 1.0374461967155504
4358.301586751447 1.1015245184002727 1.0421634441521859
4359.226952767973 0.97362002081117 1.0634513366577825
4360.152515260636 0.7999082195472877 1.087342706603673
4361.078274271154 0.6306979558910336 1.099409142123007
4362.0042298412445 0.8185042142361928 1.1074009770265663
4362.930382012656 1.2875239317894749 1.1229381545008068
4363.856730827124 1.3596424925404604 1.13640426503435
4364.783276326392 1.2696310893686062 1.1296326245964703
4365.710018552238 1.2588411389636127 1.1037702788828063
4366.636957546414 1.133171042249909 1.0833926790435962
4367.564093350715 0.9606212992594727 1.085193340824577
4368.491426006912 0.8892540622655615 1.096430279156744
4369.418955556816 0.9431015593277876 1.1073911030229993
4370.346682042219 1.0251090242097427 1.1180611327527636
4371.2746055049565 1.0547588909676842 1.1178615209275193
4372.20272598682 1.1143083928500417 1.0947948813712673
4373.131043529656 1.3311165161159713 1.065790915161844
4374.059558175315 1.1509552762376745 1.0641283961233463
4374.988269965636 0.9315646317103414 1.095552144653539
4375.91717894248 1.0164749985932722 1.1339281078703753
4376.846285147704 1.0448707003348012 1.1559470529464209
4377.775588623202 1.0109362150368861 1.157958081225785
4378.70508941084 1.078658204876343 1.1505616990820053
4379.634787552538 1.2760509433407525 1.1397718104681567
4380.564683090167 1.442403738839213 1.1116782175951725
4381.494776065661 1.2324065638968444 1.0563759759179563
4382.425066520934 0.9034686555210655 1.0051190840679487
4383.355554497907 0.9172551929420293 0.9996402122983996
4384.286240038526 1.101857597279567 1.038402395557391
4385.217123184746 1.0970125015826802 1.0826984729367481
4386.148203978516 0.9657320224643382 1.1062458470312269
4387.079482461801 0.8800218436261795 1.1132477654860327
4388.010958676566 1.042833534906107 1.111046130877374
4388.942632664803 1.0504722466365095 1.1030739219276182
4389.874504468518 0.9756016157807536 1.1041655559379715
4390.806574129682 1.1046959314476728 1.119895468170955
4391.7388416903195 1.330515040041471 1.126303610815713
4392.671307192464 1.220602177859496 1.1060980444648254
4393.603970678113 0.8548289398204739 1.084734143778506
4394.536832189326 0.6848492915540242 1.0993983597531207
4395.469891768132 0.8931341348655286 1.138103582800155
4396.403149456601 1.0676639747017918 1.1558980444226807
4397.336605296789 0.9297676087667639 1.1412382810271011
4398.270259330768 0.8425037342852886 1.112436238507474
4399.204111600609 0.9616822071505795 1.0974607159460172
4400.1381621484215 1.0372761038383627 1.1119680317961598
4401.072411016286 1.2111685330146447 1.1346941072120622
4402.006858246319 1.2010145839594675 1.1297540020679326
4402.9415038806455 1.1093824141677242 1.1030169298932941
4403.876347961383 1.4240575933474293 1.0941830683688933
4404.8113905306645 1.4989137564855828 1.111952624357144
4405.746631630636 1.4398379605374032 1.12372255096464
4406.682071303442 1.3273790376992394 1.1182370206558954
4407.617709591251 1.1328209556556077 1.1174758769771624
4408.553546536249 1.0690471857737547 1.1323064118282276
4409.489582180585 1.1875635350951999 1.1504032923229999
4410.425816566461 1.3841680203806594 1.1630936935198517
4411.362249736093 1.53040403879938 1.1644285180624634
4412.298881731654 1.4275158292895072 1.1433257340105716
4413.235712595383 1.0806324643268306 1.1049758657771422
4414.1727423694965 1.043674058447292 1.078668863874353
4415.10997109622 1.3480684035147399 1.0767617908001714
4416.047398817804 1.0664835875540009 1.0883554753486067
4416.985025576513 0.8146134541305567 1.1116397795228712
4417.922851414579 1.1243811163693591 1.144929710409355
4418.860876374284 1.3933090162485535 1.1637765452704887
4419.799100497916 1.4956460404713579 1.150153435891463
4420.737523827752 1.5342663011070845 1.1210621771156828
4421.676146406082 1.3110395546839044 1.108074025544569
4422.614968275226 0.8987183596650685 1.1202964565835678
4423.553989477489 0.8124064516902709 1.137283326516515
4424.493210055188 0.8136002657521326 1.1421009975277645
4425.432630050669 0.8044732851721241 1.1375059499141895
4426.372249506258 1.0220148338851276 1.1344570342468632
4427.312068464322 1.1667112636600474 1.1341068603417048
4428.252086967209 0.9872402179719392 1.125845206997474
4429.192305057281 0.9608765974255951 1.1168227706556095
4430.132722776931 1.1346266350359093 1.120415382217635
4431.073340168535 1.1422808471934272 1.1238553678749996
4432.0141572744815 1.13112879762085 1.1116559787180142
4432.95517413719 0.7767498173898749 1.0913594363258283
4433.896390799065 0.6508727354343856 1.082525734124111
4434.837807302529 0.7747503465614832 1.1002155888276985
4435.7794236900045 0.8938781083867706 1.1352632366536322
4436.72124000394 0.8283112359944076 1.1641358382984064
4437.663256286799 0.812925761429148 1.1756193272066162
4438.605472581009 1.0837565865159675 1.1665734582222604
4439.547888929052 1.2863611842323028 1.1384059996864466
4440.490505373412 1.2616621275065247 1.1011702425865855
4441.433321956566 1.21803220422125 1.06959345435586
4442.376338721008 1.1070728508765604 1.064967104718506
4443.319555709242 0.9114780549816485 1.094882753018183
4444.262972963771 1.0330225832323674 1.132526859520181
4445.206590527132 1.2031737359434063 1.1461318436551629
4446.1504084418475 1.039947162745035 1.1423265896854535
4447.094426750449 1.101380974293908 1.1394699666653554
4448.0386454955 1.3901720086372416 1.132673065188569
4448.9830647195495 1.2109486261219211 1.121488935526414
4449.927684465156 0.8838763121372847 1.1225800912260224
4450.872504774903 1.1874710335754126 1.1323154068570207
4451.817525691383 1.6518356502941067 1.1276172284660086
4452.76274725718 1.61333594172546 1.101135502856673
4453.708169514898 1.4052476822880962 1.0756132272759573
4454.653792507141 1.3407708790320356 1.0745967587073242
4455.599616276542 1.197952021151764 1.0885106136163993
4456.545640865726 0.9619792051189937 1.0932826514892888
4457.491866317323 0.9444301517720188 1.0885776421275777
4458.438292673995 0.9817378481471457 1.0863680345411848
4459.384919978393 0.8891397846345949 1.0815204532381086
4460.331748273173 0.9011807865656836 1.0757390608640731
4461.2787776010255 0.9703020178335443 1.0872559282971834
4462.22600800462 1.0646813198058405 1.1054105204697375
4463.173439526664 1.2403541357430556 1.1086041526713675
4464.121072209852 1.28541502767046 1.1021157102169774
4465.068906096896 1.1958836994747528 1.0967128105432433
4466.016941230507 1.2745365200905259 1.0889609400355094
4466.96517765343 1.4620258456483106 1.0773150845707253
4467.913615408388 1.3251368383232576 1.0722872678157565
4468.862254538137 0.9010856020789383 1.0816291208622437
4469.811095085439 0.9297155970029733 1.0975837228806786
4470.760137093054 1.1844052265609384 1.1128295539372544
4471.709380603747 1.1657295546011566 1.1272497326831885
4472.658825660319 1.1673083450094652 1.137933553192057
4473.608472305554 1.2639313290073588 1.1383013540843414
4474.558320582245 1.3105030972284748 1.136609387873463
4475.508370533228 1.227471339373847 1.1463887767432752
4476.458622201291 1.087602029955138 1.154370985922611
4477.409075629279 1.1242026825859288 1.1321546888753382
4478.359730860046 1.2798417632507317 1.0754728470056336
4479.3105879364075 1.225635669965805 1.0146821839094018
4480.2616469012355 1.1111889952011733 0.9986177478380254
4481.212907797404 1.0604927325732096 1.0381057167959578
4482.164370667779 1.0928575686692776 1.0938077631770573
4483.116035555245 1.2052306399365735 1.1306262871049677
4484.067902502686 1.2224940304484915 1.1463529045873653
4485.01997155302 1.1127423143412096 1.1460121934667142
4485.972242749151 0.7511497757780009 1.1277481869783141
4486.92471613399 0.6140573826045796 1.0968327925418255
4487.877391750474 0.7638816918854225 1.0733383688721607
4488.8302696415585 0.9799137678059382 1.0722926908598658
4489.783349850159 0.9940662531566629 1.0896863044621197
4490.736632419254 0.9411968423907806 1.112196270967927
4491.690117391797 1.0425556287924664 1.1205809850943558
4492.643804810775 1.1437897800929728 1.1067162238195332
4493.5976947191575 1.0341122900139637 1.0947161579605214
4494.551787159954 0.766506697876783 1.098973874081269
4495.506082176158 0.7527000669556668 1.1125130747921008
4496.460579810781 0.9177075893928068 1.1275606560929012
4497.415280106837 0.8990708860147483 1.134175868168158
4498.370183107369 0.8088822006895773 1.123179039925527
4499.325288855402 0.8128647674701877 1.1020987608705917
4500.280597393998 0.8906407951791996 1.0974013747125708
4501.236108766207 1.1728262194126744 1.122546746609711
4502.191823015087 1.3546524760098555 1.1542745960234884
4503.147740183729 1.180348221459644 1.1681456579365161
4504.10386031521 1.0271555916974093 1.1624565178978008
4505.060183452616 0.8915446393583365 1.1450877166406233
4506.016709639065 0.5437505842703678 1.1240126110159532
4506.973438917661 0.7057432628148012 1.114863516659847
4507.930371331525 0.8949614971378171 1.1265149255737488
4508.887506923779 0.8459551054121048 1.1435368051446884
4509.844845737572 0.8960136206595686 1.147317059853877
4510.802387816066 1.078785171056909 1.1393522552055717
4511.760133202388 1.2792067878165285 1.1249261003897633
4512.718081939729 1.2880317604269558 1.1048615367290757
4513.676234071257 1.0219697134508285 1.090450170062095
4514.634589640149 0.8269444738720196 1.0958510526731888
4515.593148689615 0.8451446417196078 1.1087294249449438
4516.5519112628435 0.9126369133666269 1.1117510764402487
4517.510877403062 1.0265356250041657 1.1076039552302335
4518.470047153477 1.0267013539707042 1.1052705828343155
4519.429420557336 0.8262988819416826 1.1043079169447385
4520.38899765787 0.8993374934272075 1.0935177546921593
4521.34877849833 1.359119147767886 1.0763852161633252
4522.308763121965 1.547390261514534 1.0754792597394012
4523.268951572059 1.300408478412073 1.0804388095348278
4524.229343891883 1.0207494318317192 1.074252130562001
4525.189940124713 1.1506134785883722 1.0634752498328437
4526.150740313853 1.156923695942906 1.0521557981794947
4527.111744502624 1.0741196636420158 1.0422254411881093
4528.072952734306 1.3238055459814637 1.0423582679321368
4529.03436505224 1.1374296272078899 1.0534168661951337
4529.995981499766 0.8886523136614903 1.0665203825158078
4530.957802120215 1.1648499358919153 1.0672665939404244
4531.919826956941 1.3332659943937322 1.0476453998927546
4532.8820560533 1.196015180251356 1.029107840312001
4533.8444894526565 1.328173120781921 1.0387670736435157
4534.8071271983945 1.2599323133359248 1.075669168398735
4535.769969333909 0.9946008326406616 1.1173727030311493
4536.7330159025905 1.1632278772714018 1.1315494136437874
4537.6962669478435 1.2095493892458948 1.113238790093797
4538.659722513075 1.059416180222488 1.0874266708057925
4539.623382641726 0.9931160254186533 1.0754750187355149
4540.587247377212 0.9925046771185985 1.0851178699260355
4541.551316762994 1.1574243709142005 1.101144543907946
4542.515590842515 1.4002544134343193 1.1004144522095245
4543.480069659228 1.3171827765553672 1.0873479326532924
4544.444753256619 0.9586183636706618 1.0829030633098062
4545.409641678153 0.7699317016045094 1.085840279247775
4546.374734967333 0.7878985716095055 1.0704361049317797
4547.340033167649 0.7678233488004634 1.0286058816221235
4548.30553632261 0.7671854252518348 1.0010417341461795
4549.271244475732 0.9190912435910246 1.0287035310809598
4550.237157670532 1.0476405606552721 1.0713246648994104
4551.203275950553 1.216005382514183 1.0755862965201919
4552.169599359347 1.1599915404137207 1.0522135340671859
4553.136127940453 0.9136617801893178 1.025037435523937
4554.102861737456 0.8803230752934658 1.0192687173272494
4555.069800793896 0.888253468055615 1.0406954398206474
4556.036945153381 0.8314811573011425 1.0638994443442114
4557.004294859482 0.8665818001938812 1.0718309720081556
4557.971849955817 1.2405950582153236 1.0808315428920776
4558.939610485977 1.4606025886622822 1.0980524804576404
4559.907576493606 1.4343427450607231 1.1094005549370525
4560.8757480222985 1.1915300626489145 1.1007209818509052
4561.844125115708 0.8978272638857729 1.070868333694348
4562.812707817488 0.692336532647438 1.0449835689081959
4563.781496171287 0.9267732547313217 1.0456779073718456
4564.750490220759 1.3199881229673707 1.0674393472937787
4565.719690009597 1.5548031768348036 1.0959813809297339
4566.689095581473 1.492308751242689 1.112742088780258
4567.658706980082 1.3816398862851196 1.1118215926644672
4568.628524249117 1.3839524808641726 1.0943263873386921
4569.598547432303 1.3121560777683257 1.0625170605188776
4570.568776573355 1.1866321917290221 1.0437675994199451
4571.539211715993 1.0388107518687582 1.062822316753877
4572.509852903964 0.9209234825396931 1.0912828287557828
4573.480700181032 0.9471187839667748 1.096969298817032
4574.4517535909235 1.0254770094593897 1.0898589039577464
4575.4230131774275 0.9829793806908222 1.0894500809113945
4576.394478984313 0.8869177962271307 1.0914194751254387
4577.366151055357 0.9198178757284994 1.0812561763241728
4578.3380294343615 1.0646280731141802 1.06163764284598
4579.310114165147 1.1497839503009377 1.046323271152976
4580.282405291495 1.04340988380588 1.0365399912204871
4581.25490285725 0.9148169916330906 1.0240790097111465
4582.227606906231 1.0094986052935275 1.0158472638215683
4583.2005174822925 0.9442269556418563 1.026945691670194
4584.173634629269 0.7260023731073667 1.0468326959290386
4585.1469583910375 0.7592941257316242 1.0552512442877342
4586.120488811458 0.8514878449727101 1.053880827809743
4587.094225934402 0.8806180093558642 1.055846827118657
4588.0681698037715 1.0432849290277988 1.0618650393856233
4589.042320463448 0.950864794507933 1.0600940787181252
4590.016677957362 1.0771295888209556 1.0497143512293763
4590.991242329397 1.2824036380107593 1.0456093031952127
4591.966013623494 1.1245259623903896 1.0544584177917968
4592.940991883595 1.0419346453312566 1.0624345916701943
4593.916177153636 1.0766564146807363 1.0618803788150508
4594.89156947757 1.2356326553030927 1.0617461920989448
4595.867168899358 1.2644152755598828 1.0659938489240273
4596.842975462965 1.026373456004073 1.0714126624135272
4597.818989212379 0.8954457608351134 1.0721418319129328
4598.795210191606 1.0185644850238627 1.0612781981171384
4599.771638444615 1.2977467326433625 1.054300190541448
4600.748274015438 1.3247382096647453 1.0618293421207436
4601.725116948077 1.3876412891364096 1.0695321305369863
4602.702167286576 1.2977071824110342 1.0699538916088698
4603.679425074955 1.074488750340824 1.066877239674376
4604.656890357278 1.0444156869666705 1.0692402540768757
4605.634563177584 1.1581400072488124 1.0803749447197406
4606.612443579953 1.2967340559692964 1.0957556492304554
4607.590531608453 1.1973082699758897 1.1062775374970995
4608.568827307158 1.1562009619685616 1.1033231772253986
4609.547330720186 1.3375487028043358 1.0892317804144869
4610.526041891609 1.3024087684919423 1.0778702103822535
4611.504960865552 1.1252160056173248 1.0732235851511347
4612.484087686145 1.0718123122911658 1.0724439444039404
4613.463422397512 1.0293472948340712 1.0729807293961753
4614.442965043783 1.0799609905014271 1.0664848487438114
4615.422715669132 1.2288382955234176 1.0598103761092004
4616.402674317686 1.1215714902934908 1.0549948313822917
4617.38284103363 0.8505792768494651 1.0450275048213147
4618.363215861147 0.8782115333217141 1.0431597262445793
4619.3437988444175 1.0681751866115454 1.0576211854097188
4620.32459002763 1.0443551758160774 1.0725628744456925
4621.305589455004 0.8966419226161298 1.081062749142487
4622.28679717074 0.8753762878064121 1.08477788082068
4623.268213219087 1.007221654231865 1.0784806636258626
4624.2498376442445 1.0483967312126299 1.0688573407888966
4625.2316704904815 1.135796861549604 1.0674134332466887
4626.213711802042 1.240685885513328 1.0654822956898369
4627.19596162318 1.1985769137552724 1.0536630126100477
4628.178419998182 1.238542660120591 1.048571883904646
4629.161086971314 1.205486853567887 1.0644739118322044
4630.143962586881 1.020323234483073 1.0807320388916566
4631.127046889167 1.0481155310545176 1.0708318913114463
4632.110339922497 1.1998461290789482 1.046661699475769
4633.093841731181 1.180811492563204 1.038514547031193
4634.077552359547 1.0292463133343375 1.0465253367211012
4635.061471851924 1.3484529546226012 1.0524436444927276
4636.045600252674 1.356470182816137 1.0490090691535874
4637.029937606138 1.0105616832346538 1.0463553511292625
4638.014483956697 1.1833866469567493 1.0482955543173735
4638.999239348718 1.3203824912414248 1.053978986146158
4639.984203826585 1.274391066855943 1.064710280693923
4640.969377434683 1.0118357756138947 1.072383908165468
4641.954760217424 0.8418190852730628 1.0692015694746582
4642.940352219237 0.9279555531389237 1.0588924529958512
4643.926153484511 1.078409723546168 1.0403884205773275
4644.912164057692 1.1686455544951924 1.0168774141627697
4645.898383983233 0.9645148844656533 1.0055899381257682
4646.884813305572 0.696256885302952 1.0134194871892301
4647.871452069162 0.8739012120048062 1.0325508887215504
4648.858300318489 1.0548403100279922 1.0505951098925868
4649.845358098022 1.1301562360855144 1.0589720441083983
4650.832625452251 1.1587213363298186 1.0626825041422427
4651.820102425664 1.1001940643125148 1.0604446358736785
4652.807789062785 1.1485088538109471 1.0444943190526819
4653.795685408112 1.1270302707206465 1.028337440146373
4654.783791506189 1.2390527767660608 1.0227320658055898
4655.7721074015435 1.2432830214929382 1.032541680355697
4656.760633138711 1.0695976723136196 1.0595075542509922
4657.749368762262 0.9760211848001076 1.0857539337851763
4658.738314316744 1.0166183096983752 1.0931120665792597
4659.727469846755 1.1099341422827442 1.0806549488595565
4660.7168353968445 0.9092888076752796 1.057553322589557
4661.706411011628 0.7030035076053802 1.036058449571984
4662.696196735693 0.888838237592042 1.0279458636288372
4663.686192613664 1.0425859728166544 1.0220123053765344
4664.676398690156 0.9882684960714623 0.9962478439557794
4665.666815009789 1.042789312663038 0.9672634613126411
4666.657441617219 1.1130390606358687 0.9637945441178534
4667.648278557079 0.8191674502485519 0.983277473897129
4668.639325874051 0.6699410249323396 1.007771918422641
4669.630583612771 0.928867742592566 1.0282311378328135
4670.6220518179325 1.1411454726829529 1.0364643346661555
4671.61373053423 1.1837398153249217 1.0343005662425384
4672.605619806352 1.1291664714852776 1.0365931696648594
4673.597719678995 1.2058269278512725 1.0482834140583703
4674.590030196892 1.4195517926046 1.0603855580812729
4675.582551404752 1.4050213617546343 1.060540962721941
4676.575283347332 1.299047992397614 1.0450387099511822
4677.568226069344 1.2662091175137002 1.0282911018620715
4678.561379615557 1.2042311077211993 1.0217528368877282
4679.55474403075 1.2132757444466264 1.0230385269652256
4680.548319359664 1.2611970493654787 1.028944847352182
4681.542105647096 1.1821214439459529 1.0398601084297947
4682.536102937853 1.0551694127859608 1.048029494625084
4683.530311276704 1.155808162781825 1.0491877741322364
4684.524730708484 1.2854655036776803 1.0502996993030613
4685.519361278004 1.100133319022306 1.0492990686048245
4686.514203030086 0.9562293832990524 1.0443159130488995
4687.509256009575 1.0410073967411206 1.0402118124008117
4688.504520261338 1.1156872150291226 1.0372282360276612
4689.4999958302 1.0552699606913825 1.032484797064663
4690.495682761043 0.8982937332531165 1.031647538421949
4691.491581098753 0.9239841444720269 1.0372260565509324
4692.487690888201 1.0643584666333867 1.0435575373163533
4693.484012174306 1.0954224185110832 1.050878273436953
4694.480545001943 1.088359825911968 1.0549170203650025
4695.477289416049 1.0083878156991783 1.045675903979859
4696.474245461542 0.9693441597179082 1.0240887613899112
4697.471413183347 0.9653689642697437 1.0090158865343957
4698.468792626417 0.8390582482979899 1.0113797390889347
4699.466383835713 0.7844769151892707 1.016412074110214
4700.4641868561885 0.8418169552838808 1.0075772311446953
4701.4622017328165 0.8770305118323943 0.9967917639852651
4702.46042851058 0.8316100927505747 1.0048480979215229
4703.458867234461 0.8881527062483389 1.0228355538036236
4704.457517949469 1.1216013301303378 1.028290318835813
4705.45638070063 1.1814051860008739 1.0164230842251891
4706.455455532932 1.040699822685734 1.0014733487600287
4707.454742491422 0.9638769778005293 0.9981182609640117
4708.454241621146 1.0616115198360214 1.009953749122104
4709.453952967137 1.1519749587404557 1.030688986590104
4710.45387657447 1.1532325315447667 1.0405585379857716
4711.454012488203 1.1907385814628935 1.0303545963343232
4712.454360753416 1.084631602825101 1.0139384404706708
4713.454921415186 0.8291767145585907 1.0113215413185028
4714.455694518626 0.8253391723656899 1.0279239592541733
4715.456680108827 1.073202277810394 1.044871285217542
4716.45787823092 1.2314573991468172 1.0504041163057898
4717.459288930022 1.3496916575548479 1.0541739083150632
4718.460912251261 1.3341824210611457 1.0604119355912105
4719.462748239797 0.9864001680430465 1.060201780247432
4720.464796940776 0.8153932224104794 1.051765349831458
4721.467058399354 1.0325773257005588 1.0461268019931362
4722.46953266072 1.2832015068548306 1.051994228531363
4723.472219770048 1.3725137660846147 1.0607749709943053
4724.475119772523 1.2373644061939597 1.055100818455385
4725.478232713364 0.9652910372154083 1.031375735431144
4726.481558637774 0.7904203064285765 1.0076139721749944
4727.485097590966 0.7820910442225179 0.9993628289650198
4728.488849618187 0.8107275839230415 0.9979748353126102
4729.49281476466 0.9834208368822586 0.9980886170842305
4730.496993075653 1.2612783752101377 1.0084029688547826
4731.501384596419 1.3587597435581995 1.024553352572559
4732.505989372224 1.1935212613280324 1.034317988573271
4733.51080744834 1.052576491237167 1.034807508173462
4734.515838870071 1.0777562780109569 1.0214955529930874
4735.521083682709 1.1019406141678325 1.008743011335618
4736.52654193156 1.073746166211804 1.0203528075046309
4737.532213661933 0.9094765905196777 1.0365916004145146
4738.5380989191735 0.7321773237954521 1.0352562217232597
4739.544197748607 0.8227422427353562 1.0289122439676763
4740.550510195573 1.0288504738997803 1.0312678920766716
4741.557036305445 1.062567792646787 1.038154921411263
4742.563776123569 0.9256500486911777 1.0394993391388474
4743.570729695339 0.8351801131044633 1.0364047092827067
4744.57789706613 0.8909688858131483 1.0386077826109716
4745.58527828133 0.9358798895039495 1.042388966015662
4746.592873386349 0.8507487452968695 1.0400448559892201
4747.600682426619 0.870707083383267 1.0394894060779678
4748.608705447529 1.0041926534261347 1.0432451685878905
4749.616942494537 1.286735936283256 1.0425389126027738
4750.625393613079 1.4755020508156609 1.034761565088597
4751.6340588485955 1.2817943529148415 1.026882271799211
4752.6429382465685 1.0 1.019391778666715
4753.652031852459 0.7750187962716136 1.0123712569227523
4754.66133971174 0.6891156514917535 1.0103382085589763
4755.670861869911 0.6517624220487835 1.0160244245467098
4756.680598372483 0.69919361755925 1.0265288307665899
4757.690549264954 0.8318659526545821 1.0351338812954973
4758.700714592838 0.9261232623945277 1.034535357870961
4759.7110944016895 1.1477889463583453 1.018731311957057
4760.721688737012 1.2826497305543636 0.9952175337660644
4761.732497644374 1.2307479951915412 0.9809492282597887
4762.743521169341 0.8682397343268825 0.9756709355579819
4763.754759357472 0.7380666638177393 0.972989974202332
4764.766212254346 1.0222475403881632 0.9767771505217144
4765.777879905542 1.1330883064127801 0.9902664340848212
4766.789762356666 1.0728901700477624 1.0070682237279576
4767.801859653332 0.8707585138472556 1.0205962008309115
4768.814171841149 0.9683778110413518 1.0219781029856922
4769.826698965734 1.1767221820573497 1.0102354339855688
4770.83944107275 1.1015552403084943 1.0063814854236945
4771.852398207808 1.0527948485920027 1.0181287232420946
4772.865570416587 1.2107955388993397 1.031710817996005
4773.878957744738 1.2828177965682444 1.0352403156636025
4774.8925602379495 1.0163695874425074 1.0356361205640854
4775.9063779419 0.6700482691055882 1.0408927952212121
4776.920410902283 0.6662147724589007 1.0394722347718033
4777.934659164794 0.824011155129614 1.0287270530604036
4778.949122775162 1.05732611694648 1.0261487344323343
4779.963801779095 1.2319471175488568 1.0292680479241356
4780.978696222333 1.0050396767936318 1.0230813501887084
4781.993806150629 1.1595396742758055 1.0141967764432747
4783.009131609725 1.5028354966114963 1.0163857503196319
4784.024672645375 1.327806476183934 1.0153044443166444
4785.040429303369 0.9414789534893365 1.003540158130966
4786.056401629478 0.7286183252717657 1.0011831895190615
4787.072589669495 0.7154458991404895 1.003482927806987
4788.0889934692195 0.8687962072834625 1.0020865458394317
4789.105613074455 1.148488407946202 1.0058240148155941
4790.122448531038 1.2008135147188224 1.0124721716664662
4791.13949988479 0.8477002483070692 1.0193139432849292
4792.156767181544 0.8320908301090411 1.0333071075558404
4793.174250467164 0.8500622885832657 1.0463324559869296
4794.191949787494 0.7144513033829983 1.0443222687257714
4795.20986518842 0.9236110519602513 1.0323546543766395
4796.227996715812 0.9704103236502301 1.0175568899581715
4797.246344415549 0.7234945240230042 1.0029714986795633
4798.264908333548 0.8835992541197077 0.9954378684125751
4799.2836885157 1.3227904923810483 1.0019745198684726
4800.302685007939 1.4808577121886872 1.018778147384935
4801.3218978561745 1.2633987624387033 1.0268659328384178
4802.341327106363 1.2084673600390798 1.014030261189971
4803.360972804442 1.2478343172383268 0.9946649276630013
4804.380834996359 1.0637242345118547 0.9894683693741138
4805.400913728099 0.9341634378355885 0.9962064458290392
4806.4212090456285 0.892380161892215 1.0002087831077302
4807.441720994926 0.8743023469133694 1.0021074776528032
4808.462449622003 0.8916041566673758 1.0040918442908304
4809.483394972859 0.8104014812482939 1.0021603664276806
4810.504557093507 0.758037799974699 0.9998362023976595
4811.525936029973 0.8192222286625157 1.0019452878986952
4812.547531828284 0.9721017727352014 1.006631530703908
4813.569344534501 1.106778067877268 1.009834322613882
4814.59137419467 1.0762504858283894 1.012110688877398
4815.613620854847 0.9411506013364129 1.0139869093777045
4816.6360845611225 0.8026340623219307 1.0163744201558587
4817.658765359563 0.7446742065942538 1.018769898027177
4818.681663296272 0.7701262875937694 1.0172237234300903
4819.70477841736 0.913388219348638 1.0086140019257526
4820.728110768933 0.9978115548099816 0.9870011403758933
4821.751660397113 0.8128492538117986 0.9506538412483327
4822.775427348033 0.7360714947373509 0.9336133910923816
4823.7994116678265 0.9205560004540881 0.9552190167989953
4824.823613402663 1.172356982977128 0.9799435668086978
4825.848032598697 1.3455357879963428 0.9845327477652417
4826.872669302091 1.2138081737868334 0.9753640692470359
4827.897523559036 1.0745699327561569 0.9679212775807476
4828.92259541574 0.8704332818213194 0.9660824474715333
4829.94788491837 0.8424025270324519 0.9586709643794333
4830.973392113163 0.7643819015330665 0.9502894211875235
4831.999117046332 0.7359166764333449 0.9533049108803567
4833.025059764099 0.771229230693303 0.9554808617051067
4834.051220312713 0.7331364437895577 0.948017969040149
4835.077598738432 0.9257752097932722 0.941088071215143
4836.104195087509 0.9634242780893988 0.9388803473038756
4837.131009406214 1.053732482349151 0.9279243365305938
4838.158041740818 1.2331120845227326 0.9100252326483687
4839.185292137628 1.1206427873242655 0.9034791454492556
4840.212760642926 0.9086258886180882 0.9039190231570006
4841.240447303038 0.7020948811352896 0.8970477960945814
4842.268352164276 0.4779881042328835 0.888147508932522
4843.29647527296 0.5054822767864338 0.8865957865692977
4844.324816675446 0.7612401258808853 0.8819945674107579
4845.353376418073 0.880362688228567 0.860377227996627
4846.382154547193 0.9958023883636242 0.827264555727434
4847.41115110919 1.056892126518434 0.8065347506352251
4848.440366150426 0.7954877538962829 0.8041508103165659
4849.469799717313 0.6356230711182004 0.8016415469264033
4850.499451856218 0.7690709303574238 0.7865318244654875
4851.529322613572 0.7573123272445932 0.7625267107538692
4852.5594120357755 0.6977291781291654 0.7224293237012129
4853.589720169273 0.8017333923414194 0.6731445748065865
4854.620247060487 0.7205793210494005 0.6393131604478495
4855.650992755879 0.6019312754224267 0.62216288869904
4856.6819573019 0.6464844929948144 0.5903479958810165
4857.713140745015 0.5645282731691941 0.5249162377866881
4858.744543131693 0.3369614606530723 0.4305702100524162
4859.776164508428 0.2379651066791064 0.3677371395832242
4860.808004921728 0.28601056041589357 0.4033670120530303
4861.840064418088 0.4328779288802403 0.4883334075332891
4862.872343044027 0.5647095550523306 0.5595753392292595
4863.904840846068 0.5597611731951211 0.6117556078559953
4864.93755787074 0.5966291189745517 0.6563215781325045
4865.970494164607 0.8221369980726602 0.6934538943940012
4867.003649774215 0.9449489376407172 0.7238025410529921
4868.0370247461215 0.8931198026140885 0.7396076077892597
4869.070619126919 0.7659631417404011 0.7359027489928054
4870.104432963177 0.41991866243499654 0.7319588304447052
4871.138466301497 0.5116291482793156 0.7555342677085455
4872.172719188496 0.816163639772285 0.7933313246615542
4873.207191670777 0.8855003627361018 0.8169983424210403
4874.241883794959 0.9260682303760374 0.8255854318145266
4875.276795607702 0.8407811666598315 0.8374661060086087
4876.311927155617 0.7920614749267276 0.8585851354007639
4877.347278485384 0.8516871717314592 0.8875117112152369
4878.382849643651 1.00672276628461 0.912066467566487
4879.418640677108 1.2309800874392842 0.9140065598898229
4880.454651632424 1.2444590893050747 0.9047922476409553
4881.490882556311 1.0200282526708098 0.9037323563963686
4882.527333495463 1.0206426288677748 0.9007001707655167
4883.564004496586 1.2505945000136962 0.892948291557995
4884.600895606432 1.2417975499224463 0.8916079882174348
4885.638006871697 1.163154704921372 0.9021356154764527
4886.675338339145 1.1146244513557582 0.9153887533171506
4887.712890055539 1.0131465549357888 0.9165920449758299
4888.750662067623 0.9133932286015123 0.900654707007188
4889.788654422189 0.8413220265213849 0.8920534234185642
4890.8268671660135 0.8860942968292183 0.9185111079877606
4891.865300345889 1.037679392330997 0.9601816303894637
4892.9039540086105 1.079822429346666 0.9883861595128897
4893.9428282010085 0.9107878121128615 1.0011856028614887
4894.981922969898 0.9633208954422925 1.00338505188977
4896.021238362103 1.1285837810374417 1.0016807760413347
4897.060774424486 1.0077505313876844 0.9931711678647827
4898.10053120389 0.980424296768519 0.9768357883229432
4899.1405087471785 1.0873276767439657 0.9690920929037075
4900.180707101217 1.2185612991646162 0.9740617942705568
4901.221126312896 1.1547335634682387 0.9729727084206937
4902.261766429118 0.9085559052021386 0.9708411996274724
4903.302627496777 0.9341845612697913 0.9841299584227408
4904.343709562777 1.101105660429038 1.0027119156372355
4905.38501267406 1.1071021666846947 1.007752875944028
4906.426536877539 0.9624398754124037 0.9949439594475149
4907.468282220185 0.8966630669053298 0.9706114648457913
4908.510248748915 0.811359273547796 0.9458220669612785
4909.5524365107085 0.8632053848212385 0.938190227108136
4910.594845552558 0.9290359837347514 0.9532078888951667
4911.6374759214095 0.7780030100973895 0.974610508005478
4912.680327664274 0.882752365319352 0.9930504370067178
4913.723400828172 1.1184567920307762 1.0077991082116025
4914.76669546008 1.1056147029179029 1.0060108935117702
4915.810211607039 0.8590712902521114 0.9804188766038859
4916.853949316091 0.7125014919566125 0.9396002276729136
4917.897908634268 0.6676641439289145 0.9031027467877173
4918.942089608615 0.7632832532108951 0.8903559630696699
4919.9864922862125 0.756436533712342 0.9079807518108994
4921.031116714124 0.7050034892956825 0.9249335812430138
4922.075962939423 1.0027040114201564 0.9191793537017392
4923.12103100923 1.0389995276819133 0.9258158313052508
4924.16632097061 0.8709795798334062 0.9604285161344103
4925.211832870704 0.825441951202265 0.9915367540566837
4926.257566756616 0.7793399885753344 1.0031262731589825
4927.303522675487 0.8356201373853545 1.010374136728078
4928.349700674479 0.9525584561514533 1.014050792073305
4929.396100800708 1.0427814935127686 1.010361953137468
4930.442723101362 1.0487596503964414 0.9980150559235779
4931.489567623608 0.9661893000362942 0.9698903206699057
4932.536634414618 0.9098123521284773 0.951013141742638
4933.583923521601 0.8744027346545953 0.965975348729909
4934.631434991753 0.8609643216532403 0.9800941225843768
4935.679168872277 1.052702639289556 0.9673401580458041
4936.727125210406 1.0458274609798341 0.9449422664391693
4937.775304053379 0.828213633435153 0.9413604358605173
4938.823705448431 1.1298148384540445 0.9685161604172482
4939.8723294428155 1.4348580525914276 1.0000147959006227
4940.921176083795 1.2072576958402963 1.0108419169525025
4941.9702454186345 1.0869645187187582 1.0146008699194329
4943.019537494624 1.225498141489396 1.0123752231927396
4944.069052359067 1.054299348614964 1.0025331595787927
4945.118790059248 0.9126743483204308 0.9987410219575644
4946.168750642497 1.0127439941163239 1.006196680802759
4947.21893415613 1.0387963208303743 1.0106231036508042
4948.269340647479 0.908543318202949 1.0107696821194405
4949.319970163887 0.8352841347271579 1.0104875320356335
4950.3708227526995 0.9518091460953755 1.0059043278901092
4951.421898461296 1.0558728961346178 0.9975897219726997
4952.4731973370435 0.9798986130131396 0.9952693899670296
4953.524719427314 0.9323300904947506 0.9934724689753842
4954.5764647795195 0.9725743738044536 0.9676349312243661
4955.628433441047 1.1187107076629081 0.9242366927955016
4956.680625459326 1.1724106471431726 0.9187688165608703
4957.733040881764 1.01798492448339 0.9665009361288279
4958.785679755821 0.8477864742948388 1.0079338853592417
4959.838542128904 0.8687511534575009 1.0125630910779637
4960.891628048495 1.015205167284746 1.01055956604903
4961.94493756204 1.1303070924222218 1.0104632904141693
4962.9984707170215 1.1776405976645494 1.0017696493086892
4964.052227560934 1.251974074384496 0.9837210567732032
4965.10620814126 0.7970935748820038 0.9745034540478092
4966.160412505506 0.4964501448603917 0.9740669512338491
4967.2148407011855 0.7393946197523215 0.9742419057643907
4968.269492775816 0.9307472973191541 0.9756216045993205
4969.324368776937 0.9918574708511189 0.9805941727108467
4970.379468752106 0.9902659181102702 0.991393663097774
4971.434792748867 0.956706449667078 1.0020357112514533
4972.490340814776 0.8796116281939149 1.0087674113476182
4973.546112997426 0.8802325216866502 1.0107097804059932
4974.602109344393 0.9608527573431849 1.0053052060038643
4975.658329903273 0.9138580176993963 0.9960011677973327
4976.7147747216695 0.8975743659088111 0.9854974118995248
4977.77144384719 1.0129656949475014 0.9792083459654674
4978.82833732747 0.916314033289797 0.971093919571849
4979.885455210152 0.764328167448273 0.9482442256758326
4980.942797542873 0.8989863081258239 0.9171502172923436
4982.000364373292 1.0085677043263177 0.9040657462870358
4983.058155749061 0.8071821788198023 0.9180528846525183
4984.116171717868 0.7467527528466212 0.9447224599969118
4985.174412327408 0.9710594255794972 0.9743830749615113
4986.232877625369 1.1642507254103285 0.9927293092155725
4987.291567659447 1.1155219662242868 0.9912244986760606
4988.350482477375 0.8960064916316324 0.9773782893883183
4989.409622126875 0.9743653389674334 0.96610548060381
4990.46898665568 1.0956771313409108 0.968581581952661
4991.528576111531 1.084274084652323 0.9727013165483381
4992.588390542201 1.0575962443722708 0.9743040318924275
4993.648429995448 1.090692534780031 0.9831011240702126
4994.708694519041 1.0868882535398863 0.9917109370808089
4995.7691841607875 1.0461136526355306 0.991169464360615
4996.829898968473 1.1121532260844236 0.9818449061594268
4997.890838989898 1.1678242813290691 0.9639138791697994
4998.952004272898 0.8799755227988849 0.9451805484112665
5000.013394865293 0.6956154761906651 0.9356058821080212
5001.075010814911 0.7903633450890266 0.9407735521984657
5002.13685216961 0.7831507705351195 0.9467258577013293
5003.198918977268 0.8176786426491937 0.9349132534386956
5004.261211285715 1.0762633025036341 0.9145063942333272
5005.323729142859 1.4201666060779299 0.9162619015326828
5006.386472596579 1.290198054839812 0.9487377891712995
5007.4494416947655 1.1368722707890697 0.9757046028264379
5008.512636485337 1.1608421987591988 0.975865764494264
5009.576057016231 1.0349216977860793 0.9613635460375507
5010.639703335342 1.001437065232826 0.9399764731006235
5011.703575490637 0.9981560279954653 0.9222115510489378
5012.7676735300465 0.851668785811308 0.9192449048548569
5013.831997501551 0.9447623919192251 0.9308080328360038
5014.8965474531005 1.150837537348238 0.9318106982672495
5015.961323432705 1.204180871977048 0.9068318359661102
5017.026325488318 1.0139153381473884 0.8874150437392724
5018.091553667968 0.7641662573677613 0.9065796162133968
5019.157008019648 0.7609696332286676 0.9337222381440754
5020.222688591398 0.9410636495306277 0.9388861372923675
5021.2885954312405 1.076702597229908 0.9424171036268367
5022.354728587207 1.1739330868396016 0.9565802360993665
5023.4210881073695 1.1704073168806064 0.9684361377906276
5024.48767403978 1.0388826129883717 0.9651261253526529
5025.554486432503 0.9702515450397962 0.951236183150047
5026.6215253336295 0.9700301670610755 0.9482830168662432
5027.68879079127 0.9611971655629316 0.9613393072057262
5028.756282853491 0.896153613382151 0.9689806713596559
5029.824001568434 0.9536827921034632 0.9729784358329869
5030.891946984205 1.0743391912578655 0.985808189813282
5031.960119148955 0.9407861557234792 0.9944441149775319
5033.028518110809 0.7999627226642967 0.9816606545651487
5034.097143917949 0.7852035540971971 0.9559965735224543
5035.165996618503 0.6762055106434524 0.9482730127764052
5036.235076260666 0.6630563436194233 0.9559996873221401
5037.3043828926275 0.9031015430994177 0.9444429330794435
5038.3739165625775 1.0815149284456922 0.9141322474057638
5039.443677318719 0.9302524068236329 0.8863972504455832
5040.513665209259 0.8250025772599272 0.9015246929861269
5041.583880282441 0.8648755513807311 0.9506313284717045
5042.654322586484 0.8886143223236129 0.9811825242778924
5043.724992169652 1.056582181834628 0.9957247965196988
5044.795889080193 1.1854532230768708 0.9997563892321031
5045.867013366363 0.9690995194908801 0.985312744593002
5046.938365076458 0.8830112040406378 0.9593761733990466
5048.009944258747 1.0591631493840972 0.9476387024740089
5049.081750961546 0.8892769643968668 0.9461928419085205
5050.153785233154 0.7228285194690522 0.9473860838247067
5051.226047121879 0.7536979049850685 0.9571988519374546
5052.298536676068 0.8462813080506989 0.973705526219661
5053.371253944049 0.8101810184823437 0.9780620655000078
5054.4441989741645 0.979495342516629 0.9734835724522445
5055.51737181479 1.236270942706031 0.9766574345411128
5056.590772514286 1.235167216567454 0.9881573522218037
5057.664401121031 1.0401438685794642 0.9946810921674042
5058.738257683408 0.8098175104905325 0.9970235607134222
5059.812342249834 0.7564095470009625 1.0011302695309385
5060.886654868709 0.8359509351419843 1.0007403091988
5061.9611955884475 0.9457186354461984 0.9849236891108865
5063.035964457488 0.9317406873457398 0.9582406317745463
5064.11096152428 0.9858358167672443 0.9493862454000096
5065.186186837268 0.9896543233971568 0.9579635151968872
5066.261640444913 1.0106876580694264 0.9595399806531655
5067.337322395686 0.916605249139552 0.9611202644333476
5068.413232738061 0.8809266785067277 0.970190782454622
5069.48937152055 1.137980957315048 0.9693882608265959
5070.565738791645 1.1677503887764529 0.9560801843378854
5071.642334599852 1.1095272900204032 0.9533991107592311
5072.719158993702 1.1032349760355953 0.9566869439364388
5073.796212021749 0.9492158327506098 0.9557373443176691
5074.873493732499 0.8909666051092657 0.9611726360671717
5075.951004174535 0.716711522821444 0.9653012957199965
5077.028743396403 0.4926895780997424 0.9463365444781323
5078.106711446688 0.7173175864372597 0.9196583280957299
5079.1849083739835 1.0823442471465246 0.9198060341276362
5080.263334226877 1.267829766097602 0.9404178775034973
5081.341989053965 1.4431122811829313 0.9504126317116782
5082.420872903882 1.328233387892185 0.9557449608023229
5083.499985825246 0.9420008174276974 0.965624069302108
5084.579327866685 0.9032893938495938 0.9714224230357666
5085.658899076874 0.92444686335721 0.9690876037445935
5086.7386995044335 0.8083271760877647 0.9702351511375182
5087.818729198049 0.917250694634726 0.9739317204281529
5088.89898820642 1.0355166661519835 0.9741798272987003
5089.979476578195 1.0443811318854868 0.9758077361712374
5091.060194362104 0.8196357871243856 0.9831605685533726
5092.141141606845 0.6976885327647887 0.9882819302461143
5093.222318361129 0.8476378257274392 0.9863862986036395
5094.303724673704 0.7875788785811972 0.9742709705505898
5095.385360593294 0.6172129484741665 0.9520146791967158
5096.467226168666 0.5993453755378964 0.9288791265384998
5097.549321448572 0.7103091474622966 0.9211840813307884
5098.6316464817755 0.8011765394661499 0.9325266370854455
5099.714201317067 0.912011209122596 0.9557047387935971
5100.796986003257 0.9615246422329057 0.9718246434698561
5101.880000589111 0.7243226483267559 0.9744037536534049
5102.96324512347 0.6769807821419992 0.9709269947798795
5104.046719655139 0.7845897381454484 0.9664949208417719
5105.130424232969 0.7869946242473106 0.9567969408618648
5106.214358905796 0.8957946687330741 0.9482141411422325
5107.298523722474 0.9266119191058747 0.9474973223361772
5108.382918731858 0.9194069158641902 0.9485104884398278
5109.467543982842 0.9700534875767542 0.9555200572553366
5110.552399524293 0.839074139842423 0.9690380485869856
5111.637485405125 0.7013637162624952 0.9773576973801188
5112.722801674236 0.9733631652857699 0.9792242494758049
5113.808348380532 1.1689082369957902 0.9792844206004164
5114.8941255729505 1.0595536010830402 0.983350226498485
5115.980133300447 1.0242181126223975 0.9904825713123011
5117.0663716119325 0.9602667304555218 0.992010684802647
5118.152840556383 1.0043298069058075 0.9847565866241922
5119.239540182776 1.06916407202446 0.9742022423432112
5120.326470540083 0.9493048628628188 0.9619617106814876
5121.413631677293 0.9282123958917581 0.9469253315137693
5122.5010236433955 0.9882033280334827 0.9359876883431024
5123.588646487419 0.8998955056663872 0.9370647306116312
5124.676500258367 0.9310068895209537 0.9408275791019621
5125.764585005298 1.0543719324822103 0.94171029016181
5126.852900777215 0.9069095234249456 0.9399575702938633
5127.94144762319 0.8845966851291321 0.9422295320168295
5129.030225592293 1.2406213622459583 0.9511086588251125
5130.119234733588 1.0996136271821846 0.9583176656521133
5131.20847509615 0.9429847625182194 0.9582925431642076
5132.29794672909 0.7363071889038225 0.9608602186678388
5133.387649681503 0.6348026533039619 0.9708578351258781
5134.477584002493 0.9270787906462514 0.9687808548941782
5135.567749741204 1.1765385969256092 0.9534492524150527
5136.658146946763 1.0372740041691215 0.9382091971393917
5137.748775668305 0.947971698168785 0.932480714824226
5138.839635955005 1.0739270699310237 0.9422584808230596
5139.930727856021 0.9436842673621916 0.9457325625561916
5141.022051420528 0.8370723346345212 0.936737578023441
5142.113606697707 0.7082031515264502 0.9401534758629569
5143.205393736763 0.48006519153427535 0.9500445266430052
5144.297412586913 0.7111666555169367 0.946852824446829
5145.389663297368 1.0946149907501166 0.9406144294327827
5146.482145917358 1.2126275936466921 0.9399417755988079
5147.574860496111 0.9887053566762967 0.946552918559352
5148.6678070828975 0.9020962716478726 0.9498985334013957
5149.760985726967 0.9501031210092078 0.9448320605095715
5150.854396477593 1.0203589491031646 0.9391854283675269
5151.948039384045 1.2261547719828967 0.9349384957259563
5153.041914495636 1.1035057913976434 0.9395389774004731
5154.136021861647 0.8643166879753283 0.9546424013115234
5155.230361531412 0.8500444899444761 0.968145779757708
5156.324933554244 0.9206546476034144 0.9754379366939956
5157.419737979468 1.042165756294879 0.9759888357652821
5158.514774856436 1.1652702587773764 0.9726156300586501
5159.610044234514 1.2506016626503862 0.9641534876067335
5160.705546163057 1.3947562739891388 0.954293716182688
5161.801280691441 1.1515873151761205 0.9518346743037897
5162.897247869043 1.084029954309843 0.9432588135616533
5163.993447745278 1.1918901608950743 0.9111148407900294
5165.089880369544 0.9197179178582601 0.8679877923885279
5166.186545791258 0.8132047812609118 0.838029619618521
5167.283444059841 0.9512950186271694 0.8482549071459873
5168.380575224738 1.037126559979454 0.8862742355413913
5169.47793933541 0.8692928766382255 0.8943085561335985
5170.575536441296 0.6633693515327076 0.8680818764205515
5171.673366591886 0.9028203170627228 0.8694541682098901
5172.771429836652 1.1415544264757542 0.9174078280625249
5173.869726225074 0.9620864662834504 0.9595508402609184
5174.968255806683 1.0248336770021593 0.9657741692292572
5176.0670186309535 1.1906408216848374 0.9677876294561414
5177.166014747437 0.9590243131114895 0.9694403896573495
5178.265244205655 0.9373687482805997 0.9676572196174944
5179.364707055144 1.0853438218105915 0.9560597581027929
5180.464403345477 1.0327650822321934 0.9244362535137904
5181.564333126208 0.7395063038943822 0.8743947695985465
5182.664496446904 0.5644879055163597 0.8620046567009643
5183.76489335716 0.6386207424945498 0.9053390698193694
5184.865523906591 0.7348988249165738 0.9417020973112759
5185.966388144766 0.7390814847645784 0.9491168482225742
5187.067486121322 0.9196861369188837 0.9463937570350898
5188.168817885896 0.9643570383551782 0.9508442942342545
5189.270383488117 1.0217393114645812 0.9417249272621432
5190.372182977624 1.076618063887439 0.9197653665935199
5191.474216404096 0.9528117574882878 0.9196343198513511
5192.5764838171945 0.8978945228948583 0.9337795230087043
5193.678985266589 0.9541853909639512 0.9343952945905768
5194.781720801991 1.0838793021536781 0.9315635774973676
5195.884690473083 1.0426599580590017 0.9357201447165958
5196.987894329595 0.9764079471759256 0.9458280851452998
5198.091332421242 1.1182464036263928 0.9574273608007848
5199.195004797748 1.2529030251009354 0.9617806884274183
5200.298911508884 1.2446384386445446 0.9591901269699077
5201.403052604368 0.966176924085264 0.9529920691374055
5202.507428133983 0.7644482804417454 0.9382295497461245
5203.612038147515 0.7014092080122027 0.9199514189661115
5204.71688269474 0.6429786408557865 0.9179788155719742
5205.821961825455 0.8106203412157434 0.9220814667166392
5206.927275589459 1.0646029741096017 0.9226456364726427
5208.032824036587 0.9913067707305633 0.9318684780217512
5209.138607216651 0.7958869859373848 0.9475789231002691
5210.244625179506 0.6593153196991386 0.9604153026490505
5211.350877974985 0.6150850732301415 0.9683910930309014
5212.4573656529765 0.7662990580870797 0.9618974146843239
5213.564088263313 0.8396258695766636 0.9434081360952682
5214.671045855895 0.7487774201205069 0.9330493096248293
5215.778238480623 1.0094610253574035 0.9397892329093187
5216.885666187392 1.3087249321623593 0.9571496013058153
5217.993329026115 1.223174251454038 0.9708057194062664
5219.1012270467145 1.0763137777973488 0.9743648755941546
5220.209360299116 0.8706757766938666 0.9731221254468447
5221.317728833275 0.7790999294580808 0.9654550782642962
5222.426332699155 1.0275384687527678 0.9485963217924861
5223.535171946714 1.1125146236696406 0.922441657877063
5224.644246625919 0.853798432024268 0.8927675710073807
5225.753556786776 0.6522854028141608 0.8875460268015068
5226.863102479274 0.6447497141137946 0.9204301970465198
5227.972883753422 0.828012905887699 0.9525267391020027
5229.082900659229 0.9524510577862187 0.9629471885321984
5230.193153246736 0.9858037506356444 0.9558744402033919
5231.303641566001 1.1278955561138917 0.9366900512025417
5232.414365667038 1.1227923656500716 0.9266750982727484
5233.525325599927 1.0629582663050676 0.9333637601018511
5234.636521414759 0.979690487403605 0.9457941185146594
5235.747953161581 0.9768699013773162 0.9557652317101251
5236.859620890505 0.9362893054582848 0.9614282674706643
5237.9715246516525 0.8802980568671452 0.9649688533057935
5239.083664495103 0.8315852026672523 0.9681875223403451
5240.196040471001 0.8015230440879068 0.9678261554616763
5241.3086526295 0.8629006802212806 0.9646736240897116
5242.42150102071 1.0188008642487738 0.9686696011186424
5243.534585694816 1.0807430757777459 0.9732449509145924
5244.647906701969 0.9795133972309534 0.9642344480002782
5245.761464092366 0.9416360570080055 0.9512825521333255
5246.875257916176 0.986545958434164 0.9499542829952221
5247.989288223621 1.1042288648395222 0.9480204515218055
5249.103555064891 1.124452545939018 0.9450623315103075
5250.218058490236 1.3195172632074919 0.951241303659442
5251.332798549851 1.312017072893053 0.9577536034118105
5252.4477752940065 1.005359313877384 0.9526886609313798
5253.562988772937 0.9144900408036999 0.947329005778532
5254.678439036927 0.9944789287803504 0.9555685448474184
5255.79412613623 0.8098698014224458 0.9711508270247304
5256.910050121162 0.8821973985253722 0.9768438049068752
5258.026211041981 1.0261792397133138 0.9733063795260407
5259.1426089490205 0.9212701664410733 0.9594753947937061
5260.259243892581 0.9241172307041849 0.9391721264692485
5261.376115923009 1.0223722160712643 0.9202695518850948
5262.493225090634 0.8482289837281174 0.9046717454799122
5263.610571445796 0.8404927693672517 0.8961880887425484
5264.728155038874 0.9392223331317074 0.9042704848366434
5265.845975920231 0.8911028692180397 0.921128245528426
5266.964034140246 0.8208218334923145 0.9181621980716228
5268.082329749304 0.9780345020306118 0.9007571960415897
5269.2008627978175 0.8277364801468392 0.9092203666917776
5270.319633336208 0.8283545656025181 0.9336857679149557
5271.438641414883 1.0268329941049321 0.9402528195243615
5272.557887084305 1.0117434857260656 0.9297500813993328
5273.677370394882 0.7435056093661275 0.9182117876810441
5274.797091397099 0.7685567886277165 0.9282964086147907
5275.9170501414055 0.8662948166298347 0.9528421978842779
5277.037246678297 0.6127951573419365 0.9639365804479367
5278.157681058245 0.7350404751958179 0.9574557260333161
5279.278353331765 1.10334233397361 0.9490460254741789
5280.3992635493605 1.1371655630350714 0.9439350338958101
5281.520411761552 0.9166378062198802 0.9364647525521154
5282.64179801887 0.8549987140173669 0.9369194720841841
5283.763422371848 0.7997324543932313 0.9555573182696593
5284.885284871058 0.9052961617408387 0.972906723709418
5286.007385567044 0.8637052082094577 0.9763380203245566
5287.1297245104015 0.8260626764806939 0.9746030281616226
5288.252301751696 0.9375322563498659 0.976522882356665
5289.375117341541 1.0849429863700988 0.9773001718297387
5290.498171330536 1.1476133905116086 0.9732440133155478
5291.621463769288 1.0514700170209774 0.9684245367317115
5292.744994708445 1.21414549432215 0.9669068247276824
5293.868764198635 0.996014900009767 0.9616752228387404
5294.9927722904995 0.5795532724458977 0.9454208187545222
5296.1170190347175 1.0800167883489076 0.9298181790833199
5297.241504481942 1.2696065029072419 0.9346480254539187
5298.366228682873 1.060652815227264 0.9490947474282359
5299.491191688195 1.0035144132308713 0.9534159037011564
5300.61639354861 1.130002311484005 0.9525216300917525
5301.741834314834 1.1052031660815107 0.9588878435247451
5302.867514037582 1.0112947071726803 0.9662912776314041
5303.993432767608 0.9260790410422644 0.9661252158842916
5305.119590555651 1.040190774471859 0.9606823460013642
5306.245987452457 1.2936342429052814 0.9594066679217441
5307.372623508814 1.1833691218420117 0.964146337418833
5308.499498775483 0.8703311817423622 0.968497593855296
5309.626613303261 0.7137967710026089 0.9685194298089173
5310.7539671429695 0.9080278356041732 0.9648814778429708
5311.881560345381 1.1683890712147902 0.9604190781500987
5313.009392961338 1.089135437627471 0.9553467441280947
5314.13746504168 0.8412681975115259 0.9439679118619422
5315.265776637244 0.7660153780557314 0.9364023218728232
5316.394327798883 1.017312634954395 0.9445267839553265
5317.523118577463 1.2672043492257097 0.9556467275367135
5318.652149023849 1.1556595733597883 0.9601656624070226
5319.78141918895 0.9187434660527184 0.959405900619395
5320.910929123651 0.7943217724920234 0.9550161489141411
5322.040678878853 0.6941093411082526 0.9456142211535854
5323.170668505494 0.9238698493057254 0.9397121492253301
5324.300898054485 1.0583543844825092 0.9403640068746524
5325.431367576785 0.8567039631341632 0.9293690712576934
5326.562077123338 0.8988840722599325 0.9097791691360931
5327.693026745095 0.9674664824289153 0.9126772839443856
5328.824216493041 1.0509706061767108 0.9365915233151101
5329.955646418178 1.0857362673302344 0.9510492381964786
5331.087316571463 0.9350554639324762 0.9526521972633469
5332.219227003921 0.9418755437964653 0.952377814872498
5333.351377766579 1.0706529880807356 0.9543526650662151
5334.483768910455 0.9265842660406013 0.9524428105375308
5335.616400486586 0.66130396457057 0.9484223513424084
5336.749272546012 0.7781858944683795 0.9444044385627881
5337.882385139814 0.9184906263225167 0.9382571533196046
5339.015738319041 1.0553512880455038 0.9343399196434352
5340.149332134805 1.2731760802895722 0.9425454226967348
5341.283166638161 1.369507281795122 0.9537256792947381
5342.41724188023 1.062151843145437 0.9555603184137524
5343.551557912137 0.7423124979353741 0.9506589418580489
5344.686114784996 0.7063456275109947 0.9463279468043422
5345.820912549945 0.8471888068572949 0.9468417253192295
5346.95595125813 0.9366245428428408 0.9460795509327904
5348.091230960698 0.9548389200795404 0.9468148219776044
5349.2267517088385 0.992763498652269 0.9527322503681714
5350.362513553711 0.8130580484749305 0.9572744888448756
5351.498516546515 0.6966244181870757 0.957079101465006
5352.634760738462 0.7602739888451768 0.958749862353677
5353.771246180754 0.9280616092939548 0.9628606794917847
5354.907972924614 1.1003334877027573 0.9643886503858969
5356.044941021276 0.9195741332672264 0.9636408542576661
5357.182150521974 0.976423025612884 0.9625936857128354
5358.319601477984 1.180694264513839 0.9607032004619747
5359.4572939405625 1.0055830833101316 0.9552900831183007
5360.595227960977 0.9636012389067268 0.9478178122582394
5361.733403590535 0.8784647154839903 0.9434805855480382
5362.871820880526 0.6924916795254962 0.9423929823896768
5364.01047988225 0.6312869438014461 0.9423587104735127
5365.149380647048 0.8326671869426752 0.942980320225822
5366.2885232262315 0.957993515330303 0.9417305923186851
5367.427907671163 1.2134085989762455 0.9363855358317462
5368.567534033186 1.1966401127855686 0.9284778914852096
5369.707402363656 0.8303487417462998 0.9271100373289515
5370.847512713967 0.7739767135992375 0.9374333495571782
5371.987865135487 0.9034308472149517 0.9487835545805037
5373.128459679631 0.8014152787982082 0.9534621334996616
5374.269296397789 0.8898156004574616 0.9537704986475704
5375.410375341408 1.0751042106626516 0.9519133205070772
5376.551696561881 1.3633931476994938 0.9503639370165243
5377.693260110666 1.3016307337271265 0.9477345132108536
5378.835066039226 1.0085394479048033 0.9441123853324325
5379.977114399014 0.9969499712885218 0.9420196685245438
5381.119405241502 0.9169419206256924 0.9411489960609021
5382.261938618177 0.6023119754961058 0.9425888300658064
5383.4047145805225 0.5675977158783809 0.9468193278009159
5384.547733180057 0.8909508514025304 0.9477846335065538
5385.690994468315 0.9911027487742095 0.9460775357016227
5386.834498496787 1.0364259434024585 0.9436237348352147
5387.978245317041 0.9096734047823023 0.9401883970919582
5389.1222349806085 0.7709138579222978 0.9379493560835276
5390.26646753906 0.9992005372288958 0.9373336654083084
5391.410943043977 1.1639696073200798 0.9370335394307733
5392.555661546933 0.8580582262408484 0.9370224326096144
5393.700623099512 0.7119179998494019 0.9350634279404404
5394.845827753339 0.8503690294379047 0.9297447101646906
5395.99127556002 0.9550974175787206 0.928271135540361
5397.136966571182 1.0406277335182066 0.9336122255560475
5398.2829008384615 1.0195562488619143 0.9359978311824017
5399.429078413499 0.9255367704306139 0.9359487576273586
5400.575499347973 0.8087027304686473 0.9355891359796156
5401.722163693545 0.7077307454242865 0.9314787208312929
5402.8690715018865 0.6070623315602401 0.9247781913822088
5404.0162228247 0.7169005037343046 0.9228924490077812
5405.163617713699 1.1015230091602957 0.9272237349539126
5406.311256220588 1.02075256533101 0.9307882544725221
5407.459138397094 0.8367383353602457 0.9290178273035267
5408.607264294941 0.7545649562564801 0.9271372556262314
5409.7556339658895 0.92156442586451 0.9308722543666649
5410.904247461715 0.9864880787580669 0.9351649820635947
5412.05310483415 0.9340890909819081 0.9345350043892036
5413.202206135003 1.008712145224729 0.9323990815423748
5414.351551416046 0.9100661887076963 0.9342826184887324
5415.501140729101 0.6870042599572813 0.9369702991954304
5416.650974125973 0.7278225153190216 0.9363918032348009
5417.801051658476 0.7291090970764319 0.9337924664047509
5418.951373378465 0.6707253225465973 0.932487879026362
5420.1019393377765 0.7183305987777351 0.9330367179544796
5421.252749588268 0.6553907901839523 0.9318373621775546
5422.4038041817985 0.6620369123930772 0.9282750826250357
5423.555103170258 0.7859449129377433 0.9285477660344269
5424.706646605545 1.1810747546439018 0.9323577503509644
5425.858434539554 1.2228962473882061 0.9332192784526043
5427.010467024194 1.0552621392754664 0.9283823732102656
5428.162744111383 0.9333156168435721 0.9248872729921886
5429.315265853073 0.9217272769881146 0.9269480913298459
5430.468032301199 0.990265953640035 0.9283620104547562
5431.62104350771 1.0016245884784833 0.926274086257813
5432.774299524592 1.108297490454785 0.9245781435355721
5433.927800403804 1.0024180895139143 0.9250275580922521
5435.081546197357 0.8134905378327407 0.9270553883380982
5436.235536957231 0.7284559089742818 0.9294376900435003
5437.389772735466 0.8449591084491145 0.930911363549718
5438.544253584048 1.063608365048378 0.9307825943733143
5439.698979555031 1.3351585044204979 0.9299134795073687
5440.853950700477 1.4017475967729796 0.9289861331252255
5442.009167072405 1.0275093210054937 0.9274104648223336
5443.164628722901 0.9469047545240223 0.9244903374488653
5444.320335704063 1.0803277258701633 0.9212236243742375
5445.47628806794 1.1209657838122866 0.9204851995178668
5446.632485866654 0.9559517434090894 0.9229650330928908
5447.788929152324 0.8995629058107254 0.9247857830685351
5448.945617977064 1.1062277134739078 0.9248925965732389
5450.1025523930075 1.0415262675462509 0.924103156552068
5451.2597324522885 0.6608438785535224 0.9230101746828558
5452.417158207082 0.9072660368106057 0.923580721625064
5453.574829709546 1.1712050693001612 0.9251009690114708
5454.732747011848 0.9569859869727668 0.9291276502767858
5455.890910166197 0.8159319946519262 0.9351647317846739
5457.049319224781 0.7292788364622194 0.9401799048966848
5458.207974239805 0.715958435105081 0.9436576842934278
5459.366875263507 0.9913464753520318 0.9463628743151351
5460.526022348103 1.2532492214385036 0.9485179969803814
5461.685415545855 1.096680646967988 0.9512003320518131
5462.845054909001 0.9410126750070764 0.9556683181856005
5464.0049404898255 1.0548046777217497 0.9599352165752452
5465.165072340596 1.1448893202603942 0.9636858115728636
5466.325450513594 0.9159040288796427 0.9678611308890706
5467.486075061145 0.8492689098424333 0.9718454450363043
5468.646946035523 0.9505872016116769 0.9752316523402618
5469.808063489069 1.0808328625184422 0.9785744478221894
5470.969427474126 1.0278352608002244 0.9815934246203688
5472.131038043029 0.966849465372755 0.9848476886532012
5473.2928952481225 1.0612361762205975 0.9879148274991153
5474.4549991417925 1.114607711822326 0.9897053111811863
5475.6173497764075 1.0608343499634199 0.9926309679752603
5476.779947204346 0.9582991281265083 0.9981569504453105
5477.942791478028 1.1766528722616174 1.0033749618105592
5479.105882649854 1.129427421992829 1.006466717707533
5480.269220772246 0.850549931827928 1.0098055589064754
5481.432805897627 1.0267975823676272 1.0145590127832158
5482.596638078462 1.1335049111521363 1.0196967134334183
5483.760717367197 1.0433722646942365 1.0238720992220443
5484.925043816287 1.1341511433128348 1.0266037844056934
5486.089617478221 1.1162165908107364 1.0292318798017077
5487.254438405506 0.8574527758745634 1.0333894180328747
5488.4195066506045 0.7560599934286093 1.037774079925854
5489.584822266047 0.6454500364206127 1.04180181847192
5490.7503853043645 0.9209812181413827 1.0452737290997811
5491.916195818082 1.3793149744243984 1.0487391209587227
5493.082253859743 1.1980322496284248 1.052877820745692
5494.2485594818945 1.213779434373499 1.056713099018853
5495.415112737122 1.1697372849900005 1.059572425950583
5496.581913677995 0.6846558022091572 1.0636218533261328
5497.748962357092 0.7426050505822714 1.068464464145757
5498.916258827023 1.023567891820965 1.0716095944465076
