4500.480121901771 1.0556943116217667 1.014765774399885
4500.940401008011 1.0331635753399455 1.0154546751971383
4501.400727188521 0.9909510597156325 1.0208107663972519
4501.861100448125 0.9930099924286122 1.0214219236026814
4502.321520791653 1.0246769099161646 1.0292043205846508
4502.781988223896 1.041417292019242 1.0295058840520754
4503.242502749671 1.0310032788461314 1.0317548301341688
4503.70306437381 1.015873522028474 1.031150783805101
4504.163673101121 1.0235069677763977 1.0212618206701967
4504.624328936423 1.0441504583305543 1.0201647105060623
4505.085031884525 1.0244371378869919 1.0081684921675316
4505.545781950261 0.9900419794438986 1.0086958850195105
4506.006579138442 0.9871418632758805 1.009814202076021
4506.467423453889 1.0198817465011372 1.013096466704992
4506.928314901412 1.0414310656756633 1.02668473281884
4507.389253485847 1.0479608756592058 1.0297842534291364
4507.850239212008 1.0772889992205443 1.040388426341262
4508.311272084717 1.0680063356914027 1.0411573339879692
4508.772352108786 1.0539430282955369 1.0435105474201685
4509.233479289047 1.0487149471073225 1.0426964490557489
4509.694653630338 1.0436033892046594 1.0410521488137514
4510.155875137458 1.038260640689585 1.0393585903573788
4510.61714381524 1.0293743488173142 1.036376784657829
4511.078459668498 1.0282487812528607 1.0338250950180694
4511.539822702075 1.0373709144532763 1.0301268381807311
4512.0012329207875 1.0142760450197574 1.0287161806129366
4512.462690329462 0.9989673762491296 1.027004624931574
4512.924194932915 1.0075776401759002 1.0293059065197676
4513.385746735992 1.0234227646748968 1.0314848061232833
4513.847345743509 1.0422250022312785 1.0354750624145928
4514.308991960297 1.0597633739127512 1.0385983259462386
4514.770685391174 1.047696482519963 1.0397699152444926
4515.232426040985 1.023527032940261 1.040460184858643
4515.694213914552 1.0191706999038486 1.0376977885295144
4516.156049016705 1.0292117051065783 1.0361824020971075
4516.617931352264 1.030000785602738 1.0328143713463802
4517.079860926071 1.0242284847158136 1.0313646899926376
4517.5418377429705 1.0307002641638372 1.0289337495844526
4518.0038618077715 1.035891477066365 1.0281128274903024
4518.465933125306 1.0349030150597374 1.02529594205235
4518.928051700423 0.9929229655460383 1.024619700388901
4519.390217537947 0.9940854849782741 1.0229326034592776
4519.852430642704 1.021225383233237 1.0226902825264301
4520.314691019553 1.0298169638132657 1.0240885541908868
4520.776998673295 1.028084270153444 1.0242022228400938
4521.239353608789 1.0298936219781103 1.02329091703545
4521.701755830865 1.024592561660927 1.023173045614671
4522.164205344358 1.011697965192173 1.018634315573332
4522.626702154096 1.0148681596057094 1.0186717026493577
4523.0892462649335 1.0325641548294668 1.0179296476027286
4523.551837681691 1.0554701780805997 1.0183469284796165
4524.01447640923 1.0386861345258591 1.0211385070508514
4524.477162452359 0.9913632014361604 1.0214029534600215
4524.93989581594 1.0193094164900753 1.0229466051291336
4525.402676504797 1.033283601325802 1.021444983592536
4525.865504523793 1.020605801781654 1.0164492809697325
4526.328379877738 1.0060442655138668 1.0137222485660866
4526.791302571497 0.9939985464176669 1.0064402269426267
4527.254272609903 0.9916191074719417 1.0067340107978267
4527.717289997798 1.0096811995121122 1.0070460944563449
4528.180354740017 1.0179638580352213 1.0095187050128493
4528.6434668414195 1.001672577773889 1.013387769831513
4529.10662630684 1.0245627166637057 1.0134914683264602
4529.569833141123 1.042594072328276 1.0136255241548777
4530.033087349114 1.0018823693564658 1.0117163013365063
4530.4963889356495 0.9814258710032016 1.0096886458130419
4530.959737905582 0.9958919419701462 1.005387839679018
4531.423134263767 0.9952668145466687 1.0017443705593592
4531.886578015042 1.0014887721593442 0.994138295757754
4532.350069164255 1.0244880277144959 0.9891574388878341
4532.813607716244 1.0057052212223612 0.9854935080796472
4533.277193675884 0.9897907549130797 0.9837169111458205
4533.7408270479955 1.002903626124887 0.9883021111641832
4534.204507837431 1.013302004009637 0.9901482987567533
4534.668236049047 1.0055370473036367 0.9950688535947665
4535.132011687708 0.9936102871250793 0.9964277355373985
4535.595834758243 0.9708530772892083 0.9982033760577321
4536.0597052655 0.9913743395367259 0.9983476158769858
4536.52362321435 1.0210099358360583 0.9924852922508867
4536.987588609635 1.0248953156809513 0.991492125347843
4537.451601456208 0.9872729013345336 0.9729600899692703
4537.915661758912 0.9442939463411276 0.9720640491944474
4538.37976952262 0.9379446799381049 0.9583259202602636
4538.8439247521765 0.96009393353699 0.9594919683525037
4539.308127452435 0.9798147801963711 0.9670438556448104
4539.772377628251 0.967550634118516 0.9703983134257878
4540.236675284473 0.9599992804146485 0.9911895696983467
4540.701020425971 0.978705769099712 0.9961233650246573
4541.165413057596 1.0052681195723048 1.018031170702288
4541.629853184204 1.029325672163723 1.0218923470394272
4542.094340810643 1.027869507182305 1.0348074318794775
4542.558875941789 1.018987340646514 1.0352149286717802
4543.023458582491 1.0487369894494305 1.0369661443070357
4543.488088737608 1.0297679940837299 1.035049732766486
4543.952766411993 1.0203354673369485 1.0320846626923186
4544.41749161052 1.0311477565962106 1.0298317117785079
4544.882264338044 1.0332056735872055 1.0269051323935345
4545.347084599423 1.0044601957095356 1.0262667191702348
4545.811952399512 0.9898175382468348 1.0255965958399658
4546.276867743189 0.9956489384085575 1.0275933263591852
4546.741830635308 1.004526715221945 1.0291304344247914
4547.206841080732 1.011978137320635 1.0297489321978919
4547.671899084317 1.0184268982706681 1.029978049006733
4548.137004650942 1.0200124704257743 1.0252908488870516
4548.602157785464 1.0211122280670415 1.0229228510361428
4549.067358492748 1.0091966385385915 1.0170455183683351
4549.53260677766 0.9903974136742462 1.0149367590685348
4549.9979026450565 0.986051406659268 1.0139901388827925
4550.46324609982 1.0096258421160356 1.0136688896544055
4550.928637146811 1.051040374495269 1.015642204944438
4551.394075790888 1.034573034059867 1.0156015483171943
4551.859562036933 1.0110769895874285 1.0071868420207564
4552.325095889811 1.0032767335456412 1.0061438820465092
4552.790677354386 0.9857066541606511 0.97842894867686
4553.256306435531 0.9792176813653678 0.9775414771890635
4553.721983138105 0.951589377652027 0.9602637140700181
4554.187707466997 0.9190626250804166 0.9632627914053776
4554.653479427069 0.9615434006815556 0.978138782315185
4555.119299023184 1.0289497433547912 0.9831834606283711
4555.58516626023 1.0388266410583165 1.003272789666244
4556.051081143071 1.0296070496039154 1.0037687722898785
4556.517043676581 1.0403335089259937 1.0059626274991267
4556.983053865632 1.0162540798322373 1.0018939866853325
4557.449111715092 1.0158014129460866 0.9938760089537323
4557.915217229849 0.9609810607162732 0.989838315981803
4558.3813704147715 0.9187567557035724 0.9835811071790592
4558.847571274734 0.957854811145196 0.9832516647139344
4559.3138198146125 1.0191086298930632 0.9828022678463562
4559.7801160392755 1.019366884288544 0.9881112257203595
4560.246459953609 0.9980443555793329 0.992828831820185
4560.7128515625045 1.0109293907456023 1.001678927623649
4561.179290870817 1.0325986485924108 1.0076117698402887
4561.645777883425 1.0217931566545224 1.0147296215818127
4562.112312605222 0.9934554614098149 1.0181969506831052
4562.578895041081 0.9779630300935178 1.0210389745563266
4563.045525195881 0.9767911721091713 1.0219385495064657
4563.512203074495 1.0102850771798644 1.0229792578621693
4563.9789286818195 1.0164304515699183 1.0231150906918838
4564.445702022727 1.0156153722302075 1.0256953058484337
4564.912523102102 1.0420006190009103 1.0258633268332564
4565.3793919248155 1.0552146721271582 1.0267952966067178
4565.846308495769 1.0247589047059285 1.0264340120122462
4566.313272819836 1.0141979523421705 1.0182392834034437
4566.780284901894 1.01807085153457 1.0168671136694827
4567.247344746843 1.028943880075709 1.0032742887625479
4567.714452359558 1.0121814821190633 1.0026541722110303
4568.181607744927 0.9783069661159188 0.9980438432731477
4568.648810907835 0.9809328945744602 1.0003794573277476
4569.1160618531585 0.9857865864791597 1.007326816459178
4569.583360585803 1.0105398174955773 1.0107773544041694
4570.050707110647 1.0173321158373179 1.0187033535001302
4570.518101432578 1.0355741896961257 1.0216914810125464
4570.985543556484 1.0496665205467008 1.0268449097507197
4571.453033487247 1.0407750565777367 1.0284986925957038
4571.920571229772 1.0486147806508535 1.0306420505633942
4572.38815678894 1.0420633779369881 1.03018580375587
4572.855790169642 1.0289083172844036 1.0297485978505392
4573.3234713767615 1.023667063914236 1.0266981371350634
4573.791200415205 1.0241592014103653 1.0244666782446845
4574.258977289856 1.0208096833943276 1.0142996043168406
4574.726802005609 1.0060797070845844 1.00915744661743
4575.194674567346 0.9925306983041802 0.9931507506150825
4575.662594979978 0.9843982045791865 0.9878993354656718
4576.130563248391 0.9670038083962955 0.9843506104914915
4576.598579377479 0.9762871379436596 0.984088526986766
4577.066643372128 1.022081172390939 0.9997121735548411
4577.534755237251 1.0162106235825152 1.0017802124737152
4578.002914977736 0.9863002577037887 1.0167175220882014
4578.4711225984765 0.9953592771908685 1.0170743551445092
4578.939378104365 1.008807442951528 1.0191626904417004
4579.407681500312 1.0363254069282 1.01858504626598
4579.876032791209 1.0555245902464634 1.0159390654753722
4580.344431981954 1.0265001296801561 1.015720188037137
4580.812879077445 0.9942834788939703 1.01511559575737
4581.281374082575 0.9836050829709978 1.0151540260094822
4581.749917002259 1.0209829797941894 1.0153984603534587
4582.21850784139 1.065475481856138 1.0147167018817902
4582.687146604868 1.0582098222778313 1.0135637276730727
4583.1558332975865 1.0295974390591873 1.0119492028427077
4583.624567924464 1.0260945341470564 1.0098354907998732
4584.093350490394 1.0103966434845324 1.008130853425548
4584.56218100028 0.9764605022465986 1.0064794784702473
4585.031059459017 0.9866227826052447 1.0064945209015175
4585.499985871526 1.0208701172522499 1.006468660543666
4585.968960242702 1.0434742488213482 1.0059547168281497
4586.437982577451 1.0089034699407302 1.0056208432366587
4586.90705288067 1.0374332141180291 1.0004994209253624
4587.37617115728 1.0551784629067438 0.9987741040570416
4587.84533741218 1.0121679158645072 0.9946059456998612
4588.314551650278 0.9592472689606708 0.9939186746750208
4588.783813876472 0.9514324593463459 0.9981686763405029
4589.253124095686 0.9930097406150925 0.9987640740102423
4589.722482312821 1.0296658344748493 1.0059299100525758
4590.191888532786 1.0277628574539583 1.00629017550819
4590.661342760482 1.018124607546686 1.0106280393513816
4591.130845000834 1.0205903821193296 1.0109593312863787
4591.600395258746 1.0079263161962784 1.0137206696277978
4592.0699935391285 0.994603669411847 1.0138350458605199
4592.539639846893 1.0058775251632426 1.0147385372906839
4593.009334186942 1.0141880916362527 1.0138415240942307
4593.479076564198 0.9978876508989233 1.0121401252347473
4593.948866983589 0.9942243819468701 1.0109789597685115
4594.418705450004 1.0110166052373426 1.0092879975882592
4594.888591968358 1.020350203579239 1.0088282232656283
4595.35852654358 1.0190059472765924 1.0083530029274381
4595.828509180578 0.9957913626070319 1.006970997480681
4596.298539884268 0.9600836763928754 1.0059376936875648
4596.7686186595565 0.9781582993703118 1.0052563815314106
4597.238745511377 1.0128961382181334 1.0049779700235406
4597.7089204446365 1.0266860444838162 1.0079232274533052
4598.1791434642555 1.0358898776981573 1.009115105444658
4598.649414575141 1.0155456328752495 1.0138844935911329
4599.1197337822305 0.9826405318552278 1.0149921503197814
4599.590101090432 1.0191986888243008 1.0183165519273678
4600.060516504667 1.039179968801997 1.0186296062101727
4600.530980029855 1.0116002348806468 1.0207504984275964
4601.001491670907 0.9991753681632629 1.0207123144560095
4601.472051432762 1.003300949507667 1.0214191109221895
4601.942659320324 1.0364199997666368 1.02115253255516
4602.41331533854 1.023654272981258 1.0204311304843119
4602.8840194923005 0.9953827682003427 1.0199025075425978
4603.354771786552 1.0051865791607741 1.0185147622140556
4603.825572226202 1.0151274218591426 1.0171099598065654
4604.296420816198 1.0082826547333428 1.0142884487294856
4604.767317561434 1.0013876211520187 1.0120524068707792
4605.238262466857 1.0008798204071339 1.0088350992143231
4605.7092555373865 0.9999004828549906 1.0064311365170096
4606.180296777947 0.98987037055624 1.0039868907449547
4606.651386193458 0.9693828776748498 1.0025481823986515
4607.122523788854 0.9515084090022732 1.0015821354298415
4607.593709569078 0.9493182570295178 1.0042503045202011
4608.064943539035 1.0046175035762372 1.0056077588573218
4608.536225703653 1.0570865012429418 1.010579642967246
4609.007556067878 1.0432039597974099 1.0120989109068739
4609.478934636631 1.0112467802471505 1.0140082502530177
4609.95036141484 1.0049868311219938 1.0142404519803845
4610.421836407439 1.0252171563850918 1.0129509649085189
4610.893359619347 1.0404782553313414 1.0127922790867774
4611.3649310555165 1.0527560627761972 1.012161937370355
4611.83655072086 1.0343222128738019 1.0124294528401065
4612.308218620335 1.016891642660483 1.0145802554284074
4612.7799347588425 1.0105449490659046 1.0153765879814487
4613.2516991413395 1.0145720015762 1.0186847394632401
4613.723511772746 1.0148934576365602 1.0191101695926121
4614.195372658019 1.0100005693038352 1.0203945662696523
4614.667281802061 1.019814041590396 1.0194466272915552
4615.139239209833 1.0319309114127562 1.0181061295454819
4615.611244886262 1.0241398999674538 1.0166854792248867
4616.083298836286 1.02501966773456 1.0151737518925348
4616.555401064833 0.9959085033410102 1.0140230038290825
4617.027551576849 1.0092177215592042 1.0131514437087463
4617.4997503772875 0.9913113950214198 1.0125184398504636
4617.971997471064 1.009846211480046 1.0121873174301388
4618.444292863117 1.0277651196368585 1.0130852501714342
4618.916636558402 1.0155521507105172 1.0133056285189745
4619.389028561853 1.0169197005544386 1.0123574042163812
4619.861468878407 1.0357746100820224 1.0120996799155073
4620.3339575130085 1.016771612596367 1.0088304290268584
4620.806494470589 0.9928803323576845 1.0086357664886931
4621.279079756108 0.9992187524090542 1.0087179093860663
4621.7517133745005 1.002419872602414 1.0088337000495369
4622.224395330708 1.0015171118045372 1.0096705552164478
4622.697125629667 1.0160040236367 1.0091979045625123
4623.1699042763385 1.0226724816003285 1.0076802378546232
4623.642731275658 1.0099869599252662 1.0077540589646814
4624.115606632563 1.0026678809094434 1.0078644152939291
4624.5885303520145 1.0289697942499143 1.0094853387248461
4625.061502438953 1.0334736582096864 1.0117414657430153
4625.534522898322 1.007895198781177 1.0133322786379275
4626.007591735071 0.9896239161610222 1.0148311382024426
4626.48070895414 1.029873378794867 1.0148099350213882
4626.953874560491 1.0096016944524382 1.0147279967233662
4627.4270885590595 0.983888107880524 1.0139584861687931
4627.9003509548165 0.9835077349705903 1.0135270776205727
4628.37366175268 1.008371003884368 1.0119731844846838
4628.847020957625 1.012840699609517 1.011466158477363
4629.320428574595 1.0252119731127625 1.0086677212639914
4629.79388460854 1.021197187663068 1.0082768938579179
4630.267389064404 1.000716368344998 1.0068351542681544
4630.740941947154 0.9995387940417113 1.0068550810048844
4631.214543261737 1.020476286145666 1.0074797516076006
4631.688193013106 1.0230536167603763 1.0070625581372574
4632.161891206214 1.0001608934071577 1.0055125001222567
4632.635637846007 0.9942531143071119 1.004018805345431
4633.109432937456 0.9904548006313123 1.000327812410681
4633.5832764855095 0.9679481643871595 0.9998365002598416
4634.057168495122 0.9981707918913585 0.9989730771184389
4634.531108971241 1.0185248101976812 1.0013107092555842
4635.005097918842 1.0196681630685636 1.0037523364976835
4635.479135342873 1.0209907955626218 1.0054812644296172
4635.953221248291 0.9875997802394816 1.0066544933734112
4636.427355640048 0.9647966424634548 1.0045070677518628
4636.901538523117 0.9816210034373897 1.0034638612078326
4637.375769902451 0.9864704596869275 1.001147392659164
4637.850049783 1.0009912630968212 1.0005223588577405
4638.324378169743 1.0015339717986336 1.0016479893976316
4638.798755067631 1.0111021397453421 1.001796433804512
4639.273180481626 1.0425385341752778 1.0038335268356373
4639.74765441669 1.043490181725842 1.0038074573884912
4640.2221768777845 1.0060637675743853 1.003900822830712
4640.696747869865 0.9898991219883907 1.00358386041077
4641.171367397912 1.0065406343578933 1.0024774963847851
4641.64603546688 1.0117696954006838 1.0022191986745874
4642.120752081726 1.0015708187502372 1.0016381849793843
4642.5955172474305 1.0050370542583418 1.0019681141474328
4643.070330968952 1.0317460604486586 1.0024982149733508
4643.545193251255 1.017711798650064 1.0029820918857018
4644.020104099307 0.9945510503171 1.0035042054809757
4644.495063518067 1.0118365570459025 1.0045131767619313
4644.970071512518 1.0159528849646906 1.0052048078647848
4645.44512808762 0.9964680634331178 1.0070716294928337
4645.920233248343 1.017078871301171 1.007828883915519
4646.395386999645 1.0051929493062979 1.008891411179713
4646.870589346514 1.0133065299177846 1.0090569683993542
4647.345840293911 1.010421743299213 1.0084485051831233
4647.8211398468075 1.007914086811586 1.008277979046363
4648.296488010165 1.0277513974803132 1.0070945563179379
4648.771884788973 1.0180101260325134 1.0065709118802708
4649.247330188194 0.9895252442329817 1.0032040602803003
4649.722824212801 0.9915054880179173 1.001809469041552
4650.198366867768 0.9983678753136201 0.9969447647366191
4650.673958158058 0.983827282061902 0.996010233410861
4651.149598088656 0.9766085262585411 0.993918998318957
4651.625286664551 0.9702798551073967 0.9948716845252574
4652.101023890695 0.9726936061056859 0.9960029140736104
4652.576809772063 0.9893125526794252 0.9980463891933629
4653.052644313647 0.9724034153812536 0.9997337557893007
4653.528527520416 0.9905153150021945 1.001674039792437
4654.004459397347 1.0263502075617312 1.0026591086816592
4654.4804399494105 1.0108338976925406 1.00316810757656
4654.9564691815995 1.0151753219991468 1.0032308442508944
4655.432547098877 1.02550089746054 1.0018027555891649
4655.908673706246 1.0080694458305308 1.0015040674066067
4656.384849008655 1.0251203890631404 1.001053788724988
4656.8610730110995 1.020481926867259 1.0009679155312223
4657.337345718569 1.0154020527311016 1.0009081317928719
4657.8136671360435 1.0253338456774106 1.000237805464905
4658.290037268482 1.0147513370611754 0.9976691027107657
4658.766456120889 0.9831952370358411 0.9967616172223293
4659.242923698241 0.9666842485539621 0.994647374780587
4659.7194400055205 0.9793673342373277 0.9946673380729742
4660.196005047712 0.9973845276391157 0.9947026758003074
4660.672618829791 1.003370341163766 0.9954745085471571
4661.1492813567575 0.9997000320247149 0.9962618212548798
4661.625992633591 0.9760044396629386 0.9985594769660768
4662.102752665275 0.965505600714089 1.0000021598252422
4662.57956145679 0.988140839715886 1.0039021415965548
4663.056419013129 1.0180629463458533 1.005305602774827
4663.533325339296 1.0076675258779262 1.0085403953711933
4664.010280440256 1.009172075693988 1.009049376579217
4664.487284320995 1.0088382067979194 1.0102264276807604
4664.96433698652 0.9892225064509402 1.0100671869911126
4665.441438441811 0.9986045611863315 1.0087199786518684
4665.918588691859 1.0009915958249263 1.0081696986812412
4666.395787741645 0.9935495245602036 1.0059496928344538
4666.873035596178 1.0022619850462935 1.0052199835894695
4667.350332260439 1.0157006262807813 1.0034544309028839
4667.827677739422 0.9977214642824818 1.0030864379732116
4668.30507203811 0.9834463706531923 1.0024804417121451
4668.7825151615125 0.9940136238303886 1.002655451195431
4669.260007114615 1.0097690330188551 1.0027141412975014
4669.737547902412 1.0072193688825242 1.0010236172295452
4670.215137529897 1.0026097238474267 0.9999039795565652
4670.692776002058 1.0072580758230458 0.9942826757069175
4671.170463323905 1.0034096512349002 0.9923009355615022
4671.648199500428 0.9978119372823686 0.9864187183082663
4672.125984536622 0.9849231895678783 0.9855476630358827
4672.603818437476 0.9716385838696682 0.9854975168350542
4673.081701208004 0.9899341814624992 0.9859534810294472
4673.559632853197 1.0003644081012726 0.9898082372954846
4674.037613378053 0.9795526707665214 0.9904568964439474
4674.515642787562 0.9648851848673754 0.9931152292842913
4674.993721086741 0.9960491875212953 0.9941182067816441
4675.471848280581 1.020649662327262 0.9963691271863686
4675.950024374083 1.0127839884454 0.9974847265957892
4676.428249372241 1.0150531501209283 0.9989962786902044
4676.906523280071 1.0279795773883194 0.9990635174682172
4677.384846102569 1.0292119354357279 0.9991390860020689
4677.863217844737 1.0158037695434583 0.9983338916409625
4678.341638511569 1.0114418139867354 0.997939937331277
4678.820108108078 1.0134202862916806 0.9977851834407646
4679.298626639275 1.0002030585476138 0.9977483477658917
4679.777194110166 0.9970234083530887 0.9989819267792858
4680.255810525732 0.9947710687130191 0.999108158640536
4680.734475891003 0.9882864627426797 1.0005239720294294
4681.213190210977 0.9939803023844648 1.0003565415228872
4681.691953490659 1.0007368312350287 0.9998307987550363
4682.170765735059 1.010098985037103 0.9989689002110806
4682.6496269491745 1.03041770701649 0.9966337092421438
4683.128537138031 1.0281683420149654 0.9956912415356719
4683.607496306629 1.014355497085004 0.9941177480120996
4684.08650445998 0.9966660907203753 0.9937522093548767
4684.565561603082 0.9832707251383068 0.9933518168051162
4685.044667740963 0.9678927602956914 0.9926131441934571
4685.523822878627 0.9805562361489133 0.992150207063809
4686.003027021084 1.0008698492689028 0.9915766013438498
4686.482280173337 1.0088307924893658 0.9914109938837085
4686.961582340417 1.0042785219721237 0.9933408305992166
4687.440933527328 1.0001316766590942 0.9936959715848445
4687.920333739082 1.006946213061913 0.997318566204833
4688.399782980686 1.0161625618659713 0.9975219529515645
4688.879281257171 1.0282574567139886 0.9992398753199416
4689.358828573542 1.018888876426475 0.9991704664751284
4689.838424934817 1.0024058366570472 0.9992752915440642
4690.318070346003 1.013711453708688 0.9991514056100105
4690.797764812131 1.004124629519703 0.9990391726173509
4691.277508338213 0.9717672112040799 0.9987794443608241
4691.757300929265 0.9768119488172964 0.9985320645123925
4692.237142590303 1.0116562073689634 0.9983438686316192
4692.71703332634 1.0510544510669981 0.9982332661365889
4693.1969731424115 1.0716722995933874 0.9984903438426904
4693.676962043527 1.0500926123021017 0.9985873771720417
4694.157000034708 1.0239325809604687 0.9982200296795583
4694.6370871209665 1.0023451536599102 0.9981152418733608
4695.11722330734 1.0124019677797644 0.9964070130870143
4695.597408598843 1.0071080679958941 0.9963519609633034
4696.077643000495 1.017567927535117 0.996463624929764
4696.557926517314 1.0162495639620377 0.9970134243935479
4697.038259154336 1.0208991614293588 0.9991039715581609
4697.518640916571 1.0012641052286542 0.9997110101199093
4697.999071809066 1.0098873173173 1.001005853378726
4698.479551836814 1.0364722500028163 1.0013609301191602
4698.960081004856 1.0367468053138802 1.0017999752118154
4699.440659318236 1.009897945712279 1.0020314971086361
4699.921286781952 1.0003144571671667 1.0021636365264286
4700.401963401034 1.006315255031017 1.0018198446070958
4700.882689180525 1.013674153642165 1.0016100108540986
4701.363464125443 1.0076409800559465 1.0004316947533458
4701.844288240818 0.9981938393659379 1.0001183295453242
4702.3251615316785 1.0043083501174357 0.9979572212780017
4702.806084003046 1.0201934994260953 0.9977653257218111
4703.287055659965 1.032152149662451 0.9969226175353474
4703.768076507459 1.0272293995581014 0.9971820289638544
4704.249146550559 1.0214399418485194 0.998142641338134
4704.730265794288 1.0101964333499545 0.998052574113938
4705.211434243694 0.9939511793417113 0.9979049903853712
4705.6926519038025 1.0006002389486648 0.9957707037393561
4706.173918779645 1.0170959738810097 0.9932905444291776
4706.655234876246 1.0159571209727507 0.9896249019628589
4707.136600198659 0.98814285321185 0.9871139673840894
4707.618014751899 0.9634026008920227 0.9863978952897337
4708.099478541027 0.9815315065761182 0.9862049695951014
4708.580991571045 0.9845679935580179 0.9910450217530851
4709.062553847014 0.9945846633484278 0.9919104285292726
4709.544165373964 0.9881005159912178 0.9964620526524968
4710.025826156929 0.9859891196612818 0.9963113955070202
4710.50753620094 0.9661983295628751 0.9952593372443895
4710.989295511052 0.9993046083357332 0.9942272829885022
4711.471104092294 1.009517414485019 0.9911667193019268
4711.952961949706 0.9871152086749936 0.990356503373923
4712.434869088328 0.987684187470709 0.9889789677030243
4712.916825513192 0.9969941967879721 0.9894495248946544
4713.398831229345 1.0190827758692718 0.989944800071159
4713.880886241847 1.0207600883511099 0.9917042221203128
4714.3629905557145 0.9861102847070095 0.992772396536522
4714.845144175988 0.9617571552994199 0.9955668630510652
4715.327347107728 0.9733330199710041 0.9964360485911699
4715.80959935597 0.9889234204098142 0.9990949157556599
4716.291900925758 1.0041078625602344 0.9993287199378996
4716.774251822126 1.005497658390255 0.9992717490398711
4717.256652050137 0.9818186563208381 0.9986174662300575
4717.739101614828 0.9685770103334114 0.9955631071050282
4718.221600521243 0.9650583569866759 0.9944809072490569
4718.704148774423 0.953160748429235 0.9918547693177244
4719.186746379429 0.9543555630199698 0.9920905263980829
4719.669393341301 0.9654380412427815 0.9924005946253427
4720.152089665087 0.9811784734352925 0.9946673601605862
4720.634835355828 0.9982378147554225 0.9964837323528442
4721.117630418587 1.0043313106892289 0.9986501094825754
4721.600474858407 0.9821599155110123 0.9996033491205658
4722.083368680339 0.9674543092453575 0.9999802059621586
4722.566311889431 0.9415453831598611 1.000029998804458
4723.049304490726 0.973382153258455 0.9998441550652494
4723.5323464892945 0.99493553642829 0.9998072412510858
4724.015437890178 0.9751181234968825 0.9997606952602095
4724.498578698429 0.9546420603798491 0.9996582372866569
4724.981768919093 0.9567276759469889 0.9993816928361537
4725.465008557241 0.9652609750429713 0.9990138408374841
4725.948297617917 0.9870421673626473 0.9983916745803578
4726.431636106169 0.9900971198846751 0.9978317889518075
4726.915024027067 0.9687491164528871 0.9972861462558782
4727.39846138566 0.9451045218792762 0.9979241502305735
4727.881948187003 0.9666332081030031 0.9982988941057082
4728.365484436154 0.9938693900217637 1.0004007876012446
4728.84907013816 1.0116988822576265 1.0009838078026911
4729.332705298088 1.011059061329706 1.0021023618133005
4729.816389921004 0.9853292162215805 1.0020890274641745
4730.3001240119675 0.9812726934285073 1.0009675639078408
4730.783907576013 0.998169836610912 1.0002245332997368
4731.267740618225 1.0183293315949358 0.9971473479252811
4731.751623143655 1.021224775261447 0.9959980976670586
4732.235555157364 1.0058848252140762 0.993554598990405
4732.7195366644055 0.9859625058351006 0.9934789197669972
4733.203567669857 0.9741797177520223 0.9933351672419718
4733.687648178773 0.9832323633063484 0.9942137135442559
4734.171778196217 0.9867244222254765 0.9947586591977645
4734.655957727252 0.9773371776306778 0.9949687901312936
4735.140186776934 0.9819240634452859 0.9950088900506648
4735.624465350343 0.9792846781434136 0.9947275499215549
4736.108793452536 0.9851269403994735 0.9946561357613586
4736.593171088579 0.9789950881636925 0.9943947497696218
4737.07759826353 0.9860191457227082 0.9942734264620025
4737.562074982462 0.9536149331173656 0.9937522687728514
4738.04660125046 0.9501769257525414 0.9939549007700885
4738.5311770725675 0.9716880060556031 0.9944336539347465
4739.0158024538505 0.9740753715094577 0.9948243783556592
4739.500477399396 0.9934175590110832 0.9953147501700546
4739.985201914264 0.9706279228183973 0.9938226399224788
4740.469976003524 0.9456898617415526 0.9927698782512123
4740.954799672238 0.9542016556527793 0.9906590475588165
4741.439672925492 0.9313201322970383 0.9899388266226423
4741.9245957683515 0.9497806314138189 0.9923237655414695
4742.409568205887 0.9753515867520585 0.9927759035572807
4742.894590243171 0.9638407626122318 0.9982891155493395
4743.379661885266 0.9883815292527538 0.9984313911679068
4743.864783137264 0.988574143320556 0.9999013810968773
4744.349954004229 1.005068779712324 0.9992556847567986
4744.835174491237 0.9978610314537754 0.9979674632466928
4745.320444603353 1.0230150001123157 0.997191263203718
4745.8057643456705 1.0215997508953623 0.9962754090824422
4746.291133723255 0.9952406346435857 0.9960290807476497
4746.776552741185 0.9879453159644768 0.9959084972475498
4747.262021404527 0.989980659620185 0.9964470763835819
4747.747539718368 0.9951524214184653 0.9967007396291441
4748.233107687803 0.9949472948533621 0.9978273347922532
4748.718725317884 0.9927078126070258 0.9980443352208392
4749.20439261369 0.9942730415098746 0.9994473086647697
4749.69010958032 0.9842618733531281 0.9997481728980184
4750.175876222842 0.9791966663580677 1.0013163840625499
4750.661692546338 0.9822901568652971 1.0018306370380385
4751.147558555881 0.9806018938625151 1.003027774210733
4751.633474256569 0.9793964549966739 1.0030951579296743
4752.119439653476 0.9842958941793255 1.0032007210718987
4752.605454751683 0.979897434936629 1.0030177766024293
4753.091519556276 0.9808340172834137 1.0029044234732567
4753.577634072328 1.0102091130632012 1.0032691301496797
4754.06379830494 1.0 1.0033907627076513
4754.550012259189 0.9741660268181409 1.0038199421672394
4755.036275940161 0.9865699256344133 1.0038352048832615
4755.522589352932 0.9973319129220075 1.0033768533265244
4756.008952502606 0.9940053772129056 1.003091343019363
4756.49536539426 0.9839214384328363 1.0018960204914957
4756.981828032982 0.9837037441939815 1.0012852328091766
4757.468340423852 0.9830257427997983 1.000061086578927
4757.954902571974 1.0029889485338466 0.9995627344281061
4758.44151448243 1.0250288722656493 0.999023690533869
4758.928176160308 1.0334322628478534 0.9992121601149905
4759.414887610689 1.0088924160015489 0.9993227550915811
4759.901648838682 0.9831270548539568 0.9993963229718446
4760.388459849369 0.9971108731283442 0.9994230619099581
4760.87532064784 1.004580195626984 0.999134769285524
4761.362231239181 0.9993967896058596 0.9991034877171978
4761.849191628498 0.9993664830213687 0.9987847573893844
4762.336201820879 1.0122168971502719 0.998757271750182
4762.823261821415 1.0074311557628872 0.9985533975285744
4763.310371635202 1.0014547301982122 0.9986277043907572
4763.797531267324 1.0007497208890173 0.9986578648360444
4764.284740722896 1.0047452808275927 0.9986625620580691
4764.772000006993 1.0140384803058125 0.9985638965549108
4765.25930912474 1.0094528587232365 0.9969264621615843
4765.746668081197 0.9912503756065846 0.9960516686311995
4766.234076881488 0.9897562092398744 0.9917163575700543
4766.721535530703 0.9944001895332925 0.9907976638247014
4767.209044033937 0.9883730044051184 0.9861696762285296
4767.696602396284 0.991299498705695 0.9859975232476936
4768.184210622859 0.9893960904653922 0.9849957077396577
4768.671868718752 0.9877472791139124 0.9856716220353873
4769.159576689065 1.0145121780144641 0.9871869385353851
4769.647334538889 1.0252575240662742 0.9883886367084498
4770.135142273343 1.0112231818606547 0.9898984903546123
4770.6229998975205 0.9963510712352194 0.9913073531635448
4771.110907416524 1.0213426132710197 0.9922715386964495
4771.598864835447 0.9938485749901008 0.9935674293852278
4772.086872159411 0.9993265520751914 0.993998002471785
4772.5749293935105 1.0088931461936261 0.995070553446328
4773.0630365428515 1.0052830512419335 0.9952368824888354
4773.551193612537 1.0045834171393133 0.996333078899849
4774.039400607665 0.9932401139856424 0.9964510380787481
4774.527657533359 1.007333275209591 0.997023724166768
4775.015964394716 1.0081046938147908 0.9964196330666022
4775.504321196844 1.0201239796101897 0.9954648730935719
4775.992727944842 1.0172649405644112 0.9937370702280566
4776.481184643835 1.0000709930776026 0.99222415638352
4776.969691298923 0.9860815375625371 0.9912674963752712
4777.458247915215 0.9833706355440369 0.9909011133334441
4777.946854497813 0.9858102284339518 0.9927687458914963
4778.435511051843 0.985779584195407 0.9932152882685032
4778.924217582407 0.9887726311039001 0.9974258180357106
4779.412974094619 0.997221575519256 0.9977847748486397
4779.90178059358 0.9871807657760621 0.9998077542349139
4780.39063708442 0.9956215256558479 0.9997690088269637
4780.879543572242 1.0278105933709805 0.9998037950372465
4781.368500062161 1.038699945449142 0.9993999385044766
4781.857506559282 1.0194178393813496 0.9989532226210439
4782.346563068737 0.9860085902465833 0.998034964509939
4782.835669595631 1.0006387781581556 0.9974587834377742
4783.324826145071 1.003954114454627 0.994793204373797
4783.814032722192 1.000789369098548 0.9940603067014836
4784.303289332099 0.9982484351664856 0.9916524230083545
4784.792595979911 1.0024474034277426 0.9917493481643763
4785.281952670738 1.000994477875432 0.9933194891663969
4785.771359409721 0.9982274468599499 0.9939250158635281
4786.260816201946 1.0075779098862643 0.995571260884342
4786.750323052558 0.9906577766604556 0.9947141418805037
4787.239879966667 0.9625362522036652 0.9935097997843595
4787.729486949394 0.9642069959860243 0.9925455096737793
4788.219144005851 0.9882947671601132 0.9918334154379768
4788.708851141176 1.0089575838581695 0.9935938457553497
4789.1986083604825 1.0135902290227856 0.994192219025012
4789.688415668893 1.0143585945505695 0.9955520223973776
4790.17827307152 0.9933754410469771 0.9954999051307314
4790.668180573506 0.9810374576137669 0.9932096519110151
4791.158138179966 0.9851061234062009 0.9929993618594931
4791.648145896023 1.0030861064159793 0.9922522813148777
4792.138203726796 1.026847052229051 0.9927588149084582
4792.628311677416 1.026378562955904 0.9936071516444168
4793.118469753026 1.0231798707802764 0.9936348458549894
4793.6086779587295 1.023525663225797 0.9937410955789501
4794.098936299661 0.98430774314174 0.9944489170357794
4794.589244780937 0.9926832278227542 0.9948406707831478
4795.079603407706 1.0285105564157948 0.9976149539991586
4795.570012185078 1.0213381172373452 0.9981376634586403
4796.060471118199 1.0056902022608354 1.0001618028946904
4796.55098021219 1.0009631533802401 1.0002498312662476
4797.04153947218 0.9863997687837481 1.000652275059291
4797.532148903303 1.0110875832636916 1.0009835122581965
4798.022808510687 1.0243880996513437 1.0015678103725432
4798.513518299457 1.000417868126653 1.0024456614423816
4799.004278274753 1.0130070185494382 1.003238619580926
4799.495088441726 1.044079901032647 1.0038246767605177
4799.985948805481 1.0265169321502836 1.0040644735035855
4800.476859371153 1.0134308903328841 1.0031609779223574
4800.967820143896 0.9994706543403744 1.0029503607746841
4801.458831128832 1.0132705068811394 1.0006268027092713
4801.949892331098 1.018474277026493 1.0000183614595621
4802.441003755824 0.9804459229989398 0.997121722918297
4802.93216540816 0.9448300538535186 0.9963872716695792
4803.423377293235 0.9512153027661475 0.9949087106750096
4803.914639416188 1.0231716550117345 0.9959677724667684
4804.405951782156 0.9868898370463848 0.99696336451182
4804.8973143962685 0.9978357303588463 0.9996475728478773
4805.388727263683 0.9894652935161633 1.000931537685863
4805.88019038953 1.004355895577723 1.0032575078759876
4806.371703778948 1.0288372695988566 1.0036807323066488
4806.863267437072 1.0238712538736383 1.004552958501375
4807.354881369058 1.0073602350164643 1.0041322433262359
4807.84654558004 1.0287684677170261 1.0023699890670463
4808.33826007516 1.014850303242085 1.0001133366846044
4808.830024859552 0.9866312482669936 0.9958985588061205
4809.321839938377 0.9790161984517238 0.9932331568986633
4809.813705316769 0.9923647924334595 0.9907388527099653
4810.305620999874 1.0120747901332807 0.9913994494854307
4810.797586992827 1.0332283015249388 0.991747872919467
4811.28960330079 1.026969601375207 0.9949128369157206
4811.781669928902 1.0010432770664568 0.9955101820031644
4812.273786882309 0.9850048096407071 0.9978076123776902
4812.765954166148 0.9898722382838818 0.9978684370001967
4813.258171785585 0.9810252612796233 0.9983291227162978
4813.750439745759 0.9626273188836807 0.9980456575370634
4814.242758051809 0.987587791286801 0.9976249298738289
4814.7351267089025 1.0113155577184052 0.996574043947093
4815.22754572218 1.0032733209132112 0.9957165279202138
4815.720015096793 1.0070289330656903 0.9952808898308207
4816.2125348378895 1.0085245489055352 0.9951816086540984
4816.705104950623 1.0088163795786471 0.9967556215140494
4817.1977254401345 1.0250104121936015 0.9971358533647381
4817.690396311594 1.0201448674265228 0.9992399527907566
4818.183117570147 0.9968773102558027 0.9993402212087559
4818.6758892209455 0.9946372090807669 0.9997180500900287
4819.168711269135 0.9898848068910119 0.9993096386682896
4819.661583719887 0.975341116004898 0.9986805392492466
4820.1545065783475 0.9815469186630736 0.9983968753270442
4820.647479849672 0.986603938499967 0.9981995334229324
4821.140503539009 0.9910900667847081 0.9988244976015584
4821.63357765153 1.0004084751536697 0.9990959401155773
4822.126702192384 0.9730190298609405 1.000518671172869
4822.61987716673 0.9662625495183758 1.0007947933938501
4823.113102579715 0.997844387626124 1.0019959061722545
4823.606378436517 1.021835176055456 1.0017851787700986
4824.099704742284 0.9919452627136172 1.0011665481550382
4824.593081502178 0.9747958766452804 1.0002506227765786
4825.08650872135 0.9855197336852687 0.9989784741502324
4825.579986404969 0.9913681486170509 0.9980965787560154
4826.073514558211 0.9911179990494218 0.9974197077015711
4826.567093186216 0.9936166531222566 0.9938513543267882
4827.060722294152 1.0079275887832746 0.9927312694177399
4827.554401887174 0.973470580805284 0.9840142286999384
4828.048131970462 0.9352555134306398 0.9831524972535369
4828.541912549173 0.9444445738534253 0.9793198320426646
4829.035743628469 0.9570721453247214 0.9809588485824252
4829.529625213508 0.9743390966624177 0.9842371656791395
4830.023557309471 0.9759197842109004 0.9875195452314699
4830.517539921517 0.9684059299517248 0.9909573477759998
4831.0115730548105 0.9803422776665771 0.9927659604642973
4831.505656714512 0.995084701483752 0.9936175888933775
4831.999790905796 0.9657442966363299 0.9927458919669043
4832.493975633849 0.9690239989928449 0.9924881901017788
4832.988210903813 0.9769690609422157 0.9906561253142347
4833.482496720856 0.984243988951837 0.9906118093238102
4833.976833090167 0.9731456075611995 0.9904737366233429
4834.471220016907 0.9804116046928382 0.9907525493464705
4834.965657506245 0.9609464717749355 0.991324060441831
4835.460145563346 0.9509080060108472 0.9904504659882666
4835.954684193397 0.9648898858210774 0.9898115579700345
4836.449273401563 0.9908982956431938 0.9878595924425086
4836.943913193016 0.9839346658842391 0.9872409388499794
4837.438603572929 0.9691097279548303 0.9877967422094941
4837.933344546469 0.9837615378184412 0.9882010861238782
4838.428136118826 0.9876445567049078 0.9907415817727918
4838.922978295166 0.9954481469258342 0.9908489275492657
4839.4178710806655 0.989526931896389 0.990967538865277
4839.912814480492 0.9761761672341505 0.9903054176828872
4840.407808499838 0.9662705293222782 0.9893094046087957
4840.902853143873 0.9578363264819671 0.9889192684077232
4841.3979484177735 0.9613140269302167 0.9885620049846452
4841.8930943267105 0.9897714627311489 0.9889131535992275
4842.388290875879 0.9966868849114088 0.9888837436035758
4842.883538070449 0.9950816650363452 0.9872510066066705
4843.378835915601 0.9915148803195507 0.9863373151055381
4843.874184416506 0.9846522813812982 0.9821618858215202
4844.369583578363 0.9785452720034927 0.9807477741572533
4844.865033406343 0.9762402014735378 0.9780577357199034
4845.3605339056285 0.9639111910747552 0.9779949172270453
4845.856085081395 0.9501016046563969 0.9779829524750375
4846.3516869388395 0.9675369746324087 0.9780201365136738
4846.847339483138 0.9757277040179869 0.9780914050140819
4847.343042719475 0.9747548701317171 0.9757666183435058
4847.838796653035 0.9729666283760235 0.9755266159018573
4848.334601288994 0.9495018847124134 0.9745175978486993
4848.830456632555 0.9627043362351924 0.9752694422959959
4849.326362688895 0.9728429418606532 0.9769083069377527
4849.8223194632 0.967131374047769 0.97726862431879
4850.31832696065 0.9658675850299525 0.977416196782048
4850.814385186449 0.9703976653086454 0.9753281690977778
4851.310494145776 0.9774372453123173 0.9737549542356714
4851.80665384382 0.9858901460886172 0.9682671593281582
4852.302864285763 0.989309991612441 0.9667053025234706
4852.799125476809 0.9656397715817843 0.9586229360948467
4853.295437422143 0.9445751592750162 0.957814208661709
4853.791800126954 0.9561810537865256 0.9544627706817431
4854.288213596425 0.9692761894748437 0.9546278268932483
4854.784677835764 0.9605729036025631 0.9548818117183441
4855.281192850158 0.9401175461568512 0.9532170104462456
4855.777758644796 0.9347653393295515 0.9518679200181139
4856.274375224866 0.9528540798716315 0.9479966638867903
4856.7710425955775 0.9553956916982806 0.9466218591059111
4857.267760762117 0.9398158821663275 0.9417467595710849
4857.764529729679 0.9250755048493424 0.9403425588767427
4858.26134950346 0.918444147796306 0.9306444119817106
4858.758220088646 0.9302476679615342 0.926475637018815
4859.255141490453 0.9452239636026271 0.915005209812439
4859.752113714068 0.940262149364618 0.9086009662872162
4860.249136764689 0.924961296595201 0.9004888781129452
4860.746210647506 0.9194224501181955 0.8947696849593397
4861.243335367735 0.9203481505555929 0.8909347034429724
4861.740510930566 0.9147855196387853 0.8825306824526201
4862.237737341192 0.9066868292450726 0.8791923374921706
4862.7350146048275 0.8965479103706391 0.8540123343410788
4863.232342726668 0.8698709449454269 0.8398016840100375
4863.729721711913 0.8278618383791898 0.7926826127635969
4864.227151565765 0.7842061568991209 0.7483265555021383
4864.724632293418 0.7219942447312884 0.685787804705339
4865.222163900093 0.6191227017938495 0.6243923933531993
4865.719746390982 0.4762416537126383 0.5852135542746847
4866.217379771293 0.4087072034209794 0.5914466039445466
4866.7150640462205 0.5442158859790105 0.594795198594586
4867.212799220985 0.7263491666428034 0.7046990117028721
4867.710585300787 0.8090052758891317 0.7231792006285334
4868.20842229083 0.8258755868883487 0.8077826094627885
4868.706310196322 0.8411074046805125 0.8233889555818102
4869.204249022461 0.8752226814171702 0.8553401721449978
4869.702238774473 0.897907907785562 0.8670294028921118
4870.2002794575565 0.9088619536043964 0.8785852818131029
4870.698371076922 0.9416627975095797 0.8917666571755576
4871.1965136377685 0.9502615441476298 0.8972978922660197
4871.694707145324 0.9441362172502155 0.9113242300792945
4872.192951604791 0.9453156778513675 0.9144007996715313
4872.69124702138 0.9456229828813849 0.925623930298513
4873.189593400294 0.9453762309719224 0.9291995024191966
4873.687990746754 0.9442224326636295 0.9360599779035323
4874.186439065979 0.9444727223401169 0.9352793348607875
4874.684938363177 0.9767363780331781 0.9341373373653743
4875.18348864356 0.9846156732711316 0.9245010619900567
4875.682089912342 0.9632323826962301 0.9203904366736796
4876.180742174738 0.9232671861843483 0.9152140261583317
4876.679445435963 0.9292165708312715 0.9163563462390254
4877.178199701225 0.9546523002924507 0.9316439292537098
4877.677004975757 0.9719233726759667 0.9382896104900929
4878.175861264767 0.9802861104514314 0.9554319487099767
4878.674768573474 0.9820853545731919 0.9605673503375463
4879.173726907094 0.9938069360980895 0.9667772738041565
4879.672736270838 0.9794400553680629 0.967845239942452
4880.171796669941 0.9701063467436389 0.9687380175820695
4880.670908109615 0.9829956300480925 0.9683021898244633
4881.170070595081 0.9804700299772581 0.9682312252606795
4881.669284131549 0.9720200916897672 0.9648830132160447
4882.1685487242585 0.989065999306099 0.9643797977724493
4882.667864378423 0.998432290463816 0.9621705220935811
4883.1672310992635 0.9799821497227058 0.9664945927822335
4883.666648891995 0.9822859219664393 0.9711558774138673
4884.166117761848 0.9889495071354522 0.980085672596366
4884.665637714066 0.9793814760233438 0.9844417945335985
4885.165208753846 0.9939325288332872 0.9867822507906832
4885.664830886413 0.9982783925858549 0.9867222547596908
4886.16450411701 1.0022018582035037 0.9831019828998042
4886.664228450854 0.9997480938612799 0.9830373286358614
4887.164003893172 0.9953892797488786 0.9833343093939915
4887.663830449182 1.0116834798810153 0.9841052531753145
4888.163708124129 1.013694769441507 0.9854542518449061
4888.663636923232 0.9904879296205826 0.98570417895074
4889.16361685172 1.017249467326375 0.9861794874236589
4889.663647914822 1.013264596336398 0.9864232545384928
4890.16373011776 0.9981429964815203 0.986793617431295
4890.66386346578 1.0062359247976531 0.9874589767639737
4891.164047964105 0.9998169666722918 0.9882954525895725
4891.664283617966 1.0059751944138375 0.9899516634343727
4892.164570432587 1.0187646631093856 0.991350034673686
4892.664908413217 0.9968180021673956 0.9925616540670323
4893.16529756508 0.9925077113938061 0.9906007225167485
4893.665737893411 0.9908680803775017 0.988945285702997
4894.166229403432 0.9928865164762841 0.9773496411359972
4894.666772100399 0.9849610016224613 0.9740988512871793
4895.167365989535 0.9497641784752792 0.9554619902721352
4895.668011076077 0.9075778124180859 0.955620025110599
4896.168707365254 0.9183675566083208 0.955472171991858
4896.669454862317 0.9578851347191726 0.9661576086662625
4897.170253572496 1.012941992107149 0.9799638641026307
4897.671103501029 1.0105360163616868 0.9947033097817375
4898.172004653145 0.9832915144109297 1.0032438743128436
4898.672957034093 1.0122073250001609 1.010527560411556
4899.173960649127 1.0205263429782305 1.0120773075068674
4899.675015503463 1.0174243078984928 1.0138509474720896
4900.17612160235 1.0268440455985894 1.014258208008112
4900.677278951019 1.024665396693108 1.0152541980420187
4901.178487554729 1.0169841776209998 1.015635761487243
4901.679747418715 1.000633625042091 1.015955511943211
4902.181058548218 1.0209736423122537 1.01507142544068
4902.682420948472 0.99781684154847 1.0144657717610892
4903.1838346247405 0.9728690994811205 1.0105519967675436
4903.685299582256 0.9827765028394115 1.0094777949453697
4904.186815826265 1.0056284804582711 1.003344494730115
4904.688383362004 1.0035650041465232 1.0027401937368186
4905.190002194735 1.0066051284379491 1.0006959584490185
4905.691672329696 0.9921026213513148 1.0012801263339366
4906.193393772136 1.0015565488323683 1.0018599529915027
4906.695166527291 1.023519041050507 1.0003122057887874
4907.196990600427 1.0335508090772014 0.9995854081212445
4907.698865996784 0.9976461992833474 0.9956436157946549
4908.200792721602 0.9781453071176983 0.9954710464810124
4908.702770780149 0.9973476872638047 0.9977993561959102
4909.204800177665 1.0240070488303759 1.0003723305894996
4909.706880919402 1.0234973627921442 1.0064898385950993
4910.209013010609 1.0137765122057718 1.0094525323230301
4910.71119645654 1.0158986859544479 1.0124988605806944
4911.213431262438 1.0123212250225666 1.0131313161400657
4911.715717433571 1.0140346409964802 1.0133791100250331
4912.2180549751865 1.0106783381722846 1.0125777617619023
4912.720443892537 1.0152109602824129 1.0120626991503667
4913.222884190868 1.0048478875261004 1.0088070687252073
4913.725375875444 0.9669297461515906 1.0064767803714978
4914.227918951537 0.9622723621606054 1.0014637403736901
4914.730513424377 0.9935809688236175 0.9992105991636232
4915.2331592992205 1.0069466345233793 0.9972456250376813
4915.735856581333 0.990554177726439 0.9995066145436972
4916.238605275991 0.9886600909003803 1.0004724636036135
4916.741405388425 1.0041214480862382 1.0052168470072866
4917.244256923894 1.0252467243364711 1.0058625569681607
4917.747159887674 1.0189460160500423 1.0075924824464213
4918.250114285018 0.9988792236800749 1.0080492111207082
4918.753120121184 0.995413732887601 1.0088606468732029
4919.256177401426 1.0062903331739237 1.010922756636656
4919.75928613102 1.0203850476945655 1.0124869332694384
4920.262446315214 1.0205134254788653 1.0147223378055172
4920.765657959295 1.0119493769997803 1.0152954071094675
4921.268921068499 1.0013119944749724 1.0121865217287842
4921.772235648092 0.987233763316054 1.0096467179998128
4922.275601703353 0.9959748727815821 0.9993673800090791
4922.779019239538 0.9953808699962079 0.9911944993931472
4923.2824882619125 0.9570555099023518 0.9788771220237542
4923.786008775734 0.9363675995572198 0.9660796495716956
4924.289580786286 0.9574965784012441 0.9580526795153602
4924.793204298818 0.9532990810157206 0.950628423391006
4925.296879318623 0.9278229674731268 0.9498177455204061
4925.800605850934 0.9572442435493902 0.9611047860326691
4926.304383901036 0.9911455356654313 0.9658609484350065
4926.808213474217 1.003527486072616 0.9801461812315924
4927.31209457572 1.0083956967452952 0.9807295697391949
4927.816027210813 0.986256281363605 0.9818295897573479
4928.320011384786 0.9278736211687707 0.9758530695914946
4928.824047102901 0.9099238207743287 0.973424420644436
4929.328134370429 0.9500925234980799 0.9792464144313783
4929.832273192635 0.9916034719879776 0.9822399968525936
4930.336463574806 0.9943896871051023 0.9999715390103774
4930.840705522209 1.0198458365404461 1.0037773709900564
4931.344999040117 1.034695046923646 1.0126663530610474
4931.849344133804 1.0328310668179796 1.0145046224304104
4932.353740808538 1.0138005342199052 1.0165443668125607
4932.858189069609 0.9919740157794977 1.0184529078027162
4933.362688922285 1.0040808600467863 1.019358153416166
4933.867240371843 1.0171676757513766 1.021969996777809
4934.371843423552 0.9926655112552685 1.0222740480936112
4934.876498082705 0.9783686664145957 1.0224316359587526
4935.381204354573 0.9743868992992831 1.0216114492263326
4935.885962244435 0.968604098839191 1.019954263987435
4936.390771757559 0.9936820014592098 1.0160873284449936
4936.895632899244 1.0011591700002724 1.0131800587342012
4937.400545674762 1.0126497428034764 1.0000299678777966
4937.905510089393 1.0193928050486731 0.9965164226995707
4938.410526148408 0.985867221362957 0.9802354256133791
4938.915593857108 0.9590899299590219 0.9813252471751672
4939.4207132207675 0.9918999043429383 0.9831905641485216
4939.925884244668 1.001386164086115 0.9911866357132284
4940.431106934085 0.9711210253898584 0.9999565788819456
4940.936381294309 1.0011648714684345 1.0054439768494954
4941.441707330646 1.0121732927392986 1.0077057933297873
4941.947085048351 0.988702494079211 1.0008074097827382
4942.4525144527215 0.9931349322598108 0.998236733107076
4942.957995549033 0.9688377608067776 0.9855231573224237
4943.46352834259 0.9616054689149828 0.9833206085249588
4943.96911283867 0.9589698473103022 0.9787354487035581
4944.474749042563 0.959151748971257 0.984522955469848
4944.980436959549 0.9748216232126694 0.9892837509106395
4945.486176594931 0.998249130653642 1.001951496795285
4945.991967953993 0.9839796591683904 1.0057423145477162
4946.4978110420225 0.9848469803132959 1.0140540476104456
4947.003705864302 1.0038755552469563 1.0148210536467879
4947.509652426141 1.014397967630937 1.0178825070196962
4948.015650732822 1.0183018588954325 1.0193826349653081
4948.521700789636 1.0209313238709812 1.0215959638261245
4949.027802601868 0.9677633722325991 1.0213553467978453
4949.533956174829 1.0068543875591733 1.0213459817776682
4950.040161513803 1.0032021739240204 1.0176502589902312
4950.546418624083 0.9987978756472418 1.0170143899657422
4951.052727510959 0.9999925036461759 1.014373234037358
4951.559088179741 1.0068345089260455 1.0155631293244074
4952.0655006357165 1.0195115679973896 1.0176792805275492
4952.571964884182 0.9968707606543112 1.0200901326650893
4953.078480930435 0.9955332488632112 1.0220540903563193
4953.585048779763 1.0069057283987508 1.0217322217279563
4954.091668437484 1.0143722620005022 1.0215961904187034
4954.598339908886 1.0163170543250284 1.020519013574435
4955.105063199268 0.9954377783752828 1.0206460341135162
4955.611838313923 0.9853829138686789 1.0211820410004722
4956.1186652581655 1.0000305634666888 1.0213260289533226
4956.625544037291 1.0096383227376444 1.0215698697993396
4957.132474656598 1.0291065359266098 1.0205689999879013
4957.6394571213805 1.02626965278543 1.020090712418434
4958.14649143695 1.027372551943058 1.018094790003258
4958.6535776086275 1.025952976537721 1.0175149132308512
4959.160715641689 1.0136081017223486 1.013413659380491
4959.66790554144 1.019618742072162 1.0099515159168981
4960.175147313201 1.014282057812153 1.001652594883525
4960.682440962269 1.0044455292152117 0.9863303477884574
4961.18978649395 0.9774010719486895 0.9726939368061529
4961.697183913541 0.9342802307911527 0.9492944825027473
4962.204633226367 0.909737695844532 0.9423074693259786
4962.712134437726 0.9302163431252416 0.9474074639295904
4963.219687552925 0.9684205111572737 0.9550652790480302
4963.727292577265 1.0036690434518847 0.982515573435257
4964.2349495160715 1.0101918990927046 0.9926612700112215
4964.742658374637 1.0124989925816115 1.0064547268471409
4965.250419158289 1.0382404691728313 1.0094091674380707
4965.75823187233 1.0457731287068848 1.0113023831538888
4966.266096522069 1.0407110971653097 1.009853290862799
4966.77401311282 1.034977305183697 1.0099843456728077
4967.281981649893 1.031732106205548 1.0101802732619827
4967.790002138603 1.0394968704343 1.0107977887895288
4968.298074584252 1.033347204657749 1.0114496140815779
4968.806198992174 1.0311751790524395 1.0100287285810123
4969.314375367672 1.0217042885687468 1.0087066724659655
4969.822603716063 1.0144188999880626 1.0046338793672722
4970.3308840426525 0.9874519194820179 1.0034873485144093
4970.839216352774 0.988536312658864 1.0012868015236498
4971.347600651737 1.0107803607480437 1.0018351290807819
4971.856036944855 0.9911858983967294 1.0034387933267583
4972.364525237441 0.9874727355442205 1.004686855456865
4972.873065534827 1.003543506154744 1.0062232963631066
4973.381657842326 1.0177874884035543 1.0076016727926909
4973.890302165246 1.0459855845458634 1.008353053603639
4974.3989985089265 1.0237821710011683 1.0095521710096675
4974.907746878677 0.9930137960936855 1.0098640645562913
4975.41654727982 1.0042431658990656 1.0102894341971846
4975.925399717677 0.9923655523271385 1.011208475416218
4976.434304197568 0.9915865963069208 1.012414299444555
4976.943260724808 0.9788659530106302 1.0138450775209673
4977.452269304729 1.0107761666639858 1.0146411524618817
4977.961329942673 1.0246560270528757 1.015441168120466
4978.470442643936 1.0098393237946253 1.0156351778501627
4978.979607413844 1.0062205298918805 1.016528385887147
4979.488824257739 1.0112341669859222 1.0166970915226907
4979.998093180938 1.028189190095738 1.017232468583766
4980.507414188768 1.0230760672433452 1.0169955951141485
4981.016787286547 1.0178687907836463 1.0169625842866152
4981.52621247961 1.0092234402518194 1.015943046157735
4982.0356897733045 0.98352135950198 1.015785789821124
4982.545219172931 0.9908781104139461 1.012296302808663
4983.054800683819 1.0296481908639068 1.0115830881580834
4983.564434311316 1.037175264444338 1.008402844964438
4984.074120060744 1.0149851814019204 1.0067940532286095
4984.583857937431 1.0071610941861437 1.004468823776675
4985.093647946703 1.0139323758588947 0.9993179386269199
4985.603490093907 1.0232504939545692 0.9968376088860162
4986.113384384366 1.0013630078576634 0.9852473457944798
4986.623330823416 0.9661921322168009 0.9830971855044615
4987.133329416387 0.967486811747687 0.9763372457066081
4987.643380168606 0.9748875863051135 0.977341102137576
4988.153483085416 0.970013001877837 0.9787575104399885
4988.663638172161 0.9671826677092153 0.9827743015040916
4989.173845434177 0.9819067965233714 0.9852176439619608
4989.684104876771 0.9808788654586228 0.9900925948296949
4990.19441650531 0.9686754007257619 0.9917451383912416
4990.70478032512 0.9810869312839139 0.9981752565335384
4991.215196341539 0.9917540892462606 1.001514838651013
4991.725664559897 1.0034779857026357 1.0077923061685836
4992.2361849855415 1.017290403469711 1.01097611470097
4992.74675762383 1.0124247514075129 1.0132480251244718
4993.257382480076 0.9906419892641026 1.0116930313017896
4993.768059559618 1.0046574134398971 1.0109313169712624
4994.2787888678085 0.9978535062891734 1.0039785930955745
4994.789570410006 0.9765222894114336 1.0017907415176555
4995.300404191526 0.9774514351992031 0.9961130277066136
4995.81129021771 0.9987625203752212 0.9957672241239901
4996.32222849392 1.0142003557938521 0.9954120606956759
4996.833219025492 0.9987136521654735 1.000095772714978
4997.344261817769 1.010583156639898 1.0015313737462743
4997.855356876096 1.001091553324402 1.0011204454133351
4998.366504205809 0.9919099370298645 1.0002358366691184
4998.877703812264 0.9788072407748015 0.9973566814296525
4999.388955700825 1.018083079812747 0.9999048664529957
4999.900259876813 1.0182266808878995 1.00269682422043
5000.411616345574 1.0041861083482089 1.0086704811453144
5000.9230251124745 0.9975633569824475 1.0110861297854261
5001.434486182855 1.0202381362131216 1.0144140544138207
5001.945999562064 1.0228790755918264 1.0139362774707676
5002.457565255443 1.0326549408892942 1.0114283372046486
5002.969183268359 1.0109978147375902 1.0067865734307504
5003.480853606156 0.9745031715607292 1.0006676634106584
5003.992576274184 0.9536878654962266 0.9934389796882923
5004.504351277787 0.9877509453085472 0.9900416320107137
5005.016178622333 1.001740524496467 0.9891924634030322
5005.52805831317 0.9910795320314285 0.9898886810011076
5006.039990355648 0.982943762309913 0.9930083870129547
5006.551974755114 1.0112571254970548 0.9943735919682514
5007.064011516941 1.0107424666518983 0.9962765538041083
5007.5761006464745 1.013635575423083 0.9992783920873177
5008.0882421490705 0.9980042499463812 1.0008741255345397
5008.600436030085 0.9936730127637214 1.001984872283154
5009.112682294867 0.9864015265355416 1.0007204688249862
5009.624980948791 1.0140099893696701 0.9910161859866415
5010.137331997206 1.009608913882394 0.9852547793901247
5010.649735445471 0.9829128111708619 0.9748596469067315
5011.162191298936 0.9457746585909614 0.9730512407657068
5011.674699562978 0.9655058215677013 0.9721492002408136
5012.18726024295 0.9779954116325261 0.9834516143708175
5012.6998733442115 0.9837841849442446 0.9871255029879923
5013.212538872114 1.001443867914128 1.00173928615806
5013.725256832039 0.9930906180105088 1.0037243173652426
5014.238027229329 0.9804978084454758 1.0081313736133084
5014.750850069377 1.0004850327074633 1.0060995925241976
5015.263725357507 1.0145997812706733 1.004461558994205
5015.776653099111 1.0316303547603614 0.9946617026063782
5016.289633299547 1.0038776119025639 0.9917114307692992
5016.802665964177 0.9583328463715833 0.979455718651885
5017.315751098359 0.9760372285350303 0.9780415490544835
5017.828888707479 1.0009215981844202 0.9739066992528066
5018.342078796882 1.007507943622073 0.9731175970859601
5018.855321371956 0.9876213993804884 0.972357535425253
5019.368616438069 0.9664691029919382 0.9752468920180407
5019.88196400056 0.9841541681633876 0.9764580703323602
5020.395364064829 1.0188665998196733 0.9866309977886216
5020.908816636233 1.0324632040764503 0.9873297423089098
5021.4223217201425 1.0062282719840874 0.9896043015793353
5021.935879321921 0.9899754173742502 0.9837690794713962
5022.449489446955 0.9836893562467536 0.9787218067616861
5022.96315210061 0.9352278945475637 0.972180280560112
5023.476867288258 0.9484843177203878 0.9707243509299069
5023.9906350152605 0.9775404550351333 0.9795382538201076
5024.504455287002 1.0100597484521232 0.9834341784262268
5025.018328108874 1.0007638095028493 0.9942109065960703
5025.532253486223 0.9541921480945172 0.9965122862048615
5026.046231424425 0.9830615287270094 0.9989069983146782
5026.560261928873 0.9789674232764999 0.9966897167974851
5027.074345004935 0.9791146933115134 0.9961508634505377
5027.588480657987 0.9889793045333066 0.9962151700127704
5028.102668893397 1.0121143056963988 0.9975950961878577
5028.616909716561 1.0200588776292927 1.001237993789219
5029.131203132849 1.0119695535614281 1.0029694099880677
5029.645549147629 1.0067063139398902 1.0046626328718824
5030.15994776631 0.9988247897828534 1.0049420393033086
5030.674398994234 1.0102716054582108 1.0050186539652537
5031.18890283681 1.0275008694891772 1.002510108816309
5031.703459299409 1.011169035277835 1.0017246645092777
5032.218068387412 0.990070171236851 0.9992343951268531
5032.732730106194 0.9852863959400909 0.9997534841382604
5033.247444461154 0.9991900200205679 1.0003039599403116
5033.762211457668 1.0141695812944524 1.0032450334123892
5034.277031101119 1.0201357497172172 1.0043155464880458
5034.791903396882 1.0258517204450504 1.0053408151966317
5035.30682835036 1.0143525696910671 1.0053263947760769
5035.82180596693 1.0029058962432544 1.0050942799689668
5036.336836251977 0.9929995113119449 1.0064509813748315
5036.85191921088 0.9951497801730473 1.0077868934678489
5037.367054849044 0.9819113371373974 1.0104855504440038
5037.882243171845 1.0140572969223793 1.0113584780004372
5038.397484184676 1.0372082176782624 1.0108100276283074
5038.912777892912 1.011910268060499 1.0088726092062776
5039.428124301964 0.9941280399447661 1.0032008041713947
5039.9435234172015 0.9911278326028365 0.9984055251626275
5040.458975244043 1.0042391562972788 0.9937445325301577
5040.974479787853 0.9818179322598938 0.9926575355879704
5041.490037054022 1.0106225912290334 0.992529554926137
5042.005647047959 0.9925654709003537 0.9966787896240605
5042.521309775051 1.018217797013681 0.996580344706704
5043.037025240688 1.0154749492142812 0.9958937103017858
5043.552793450257 1.0031815542388238 0.9913901867518786
5044.068614409169 1.0080429603013723 0.9867520381569685
5044.5844881228095 0.9887588500776826 0.9739540632084192
5045.100414596575 0.9922161931554391 0.9696866699320311
5045.616393835852 0.943326060581138 0.9552913579893679
5046.132425846055 0.9264055685957263 0.9571556106623129
5046.648510632564 0.9616745278330039 0.9612769481660179
5047.164648200802 1.001326711248659 0.9727514188058969
5047.680838556132 1.0051131373087419 0.9830268621417597
5048.197081703978 0.9882044040942122 0.9956820285700352
5048.713377649734 0.9850252326307334 0.9994707167666311
5049.229726398797 1.0066811152357558 1.006355142231525
5049.746127956559 1.0280978778169427 1.0075386790373453
5050.262582328438 1.0281664895897122 1.0106931744818117
5050.779089519829 1.031379765615843 1.0118965529973514
5051.295649536131 1.0392497003090881 1.0129911517203845
5051.8122623827485 1.040792254583254 1.0110277102320009
5052.328928065075 1.016921274669112 1.0101228077183575
5052.845646588533 1.0253904816513335 1.0024835475339307
5053.362417958517 0.9970433141063451 0.9991967608801339
5053.879242180432 0.9748036394921211 0.9916079796876771
5054.3961192596735 0.9648434391203918 0.9869204110160179
5054.9130492016575 0.9592901428564925 0.9832531234956998
5055.430032011808 1.0052806576595537 0.9813565815329449
5055.947067695505 1.003103077534662 0.9812870752708173
5056.464156258156 0.9610936920401866 0.9844277184896199
5056.981297705188 0.9629608163695449 0.987711211113859
5057.498492041999 1.0039480257308089 0.9940540421881621
5058.015739273999 1.0090609257947192 0.9996398359081197
5058.53303940659 1.0319403260852233 1.0034696181690643
5059.050392445199 1.0234245922560972 1.006368499452111
5059.567798395227 0.9946303788386502 1.0069440322661252
5060.085257262087 1.0022805276219628 1.0070176826238706
5060.602769051182 1.0144384282984775 1.0071450896926861
5061.120333767941 1.0143819602193467 1.0072062836849573
5061.63795141777 1.0148276391604805 1.0081939855194209
5062.155622006081 1.0258805247574694 1.0087129625578455
5062.673345538289 1.0038952367896117 1.0097416813879003
5063.191122019801 1.0004031677444498 1.0095615279942372
5063.7089514560475 0.9964625233704585 1.008212323843259
5064.226833852437 1.0015547516788552 1.0075820323948688
5064.744769214386 1.0057113269765985 1.0067895734040073
5065.2627575473025 1.0144323120780137 1.0075772369519986
5065.780798856622 1.0144266257865053 1.008038837484279
5066.298893147743 1.0331576086024272 1.0095547675682617
5066.817040426114 1.0395332037809704 1.0092786465708232
5067.335240697115 1.013316733887364 1.0075915871777954
5067.853493966196 1.0085223205162035 1.0043455120848632
5068.371800238765 0.9993459468714471 1.0005088558755602
5068.890159520246 1.00174874069152 0.9939548046779666
5069.408571816049 0.9832847587997879 0.9916034146118777
5069.927037131615 1.0030255058082136 0.9905086884938381
5070.445555472357 1.0263537019766158 0.9927353877369149
5070.964126843699 1.0382720251200537 0.9988659464249119
5071.482751251055 1.0216688428419027 1.0006363974305723
5072.001428699867 1.036801124705102 1.0023097509073904
5072.52015919555 1.0033465202226484 0.9986301354601256
5073.038942743531 0.9819066116835116 0.9975933925378335
5073.557779349236 0.992795767860149 0.9949242406087576
5074.07666901808 1.0015850072418746 0.9964763437364358
5074.59561175551 1.0029388326908184 0.9995397993772577
5075.114607566944 1.0130773949624536 1.0021002217600095
5075.63365645781 1.006233450488772 1.0039362653431403
5076.152758433526 0.9950089011949064 1.0037831434460645
5076.671913499542 1.0069707930309681 1.0034873047278026
5077.191121661277 1.012003251539348 1.0013170634577366
5077.710382924162 1.028747603065169 1.0013046899512712
5078.229697293619 1.023064810779041 1.0012713455837836
5078.7490647750965 1.008899575504475 1.002268372227674
5079.2684853740175 1.0115641217042597 1.0029187219981661
5079.7879590958155 1.005537093218392 1.0028278347944197
5080.307485945913 1.0116807899909572 1.002831132485919
5080.827065929763 1.0007936011700846 1.0023000155639927
5081.34669905279 0.9827695520235035 1.0025562964078494
5081.86638532043 1.0087561866689552 1.0026045166631619
5082.386124738106 1.0324910346193126 0.9996466629389872
5082.9059173112755 1.0248577517095214 0.9981204764750888
5083.425763045365 0.9836018173673652 0.9857602487606805
5083.94566194581 0.9427349379547552 0.9829845190049424
5084.46561401804 0.9455058389506508 0.9748750517753233
5084.985619267511 0.9559484313559127 0.9770929740590601
5085.505677699652 0.9670435034794099 0.9790973418803559
5086.025789319902 0.9912388100234337 0.986433997139665
5086.545954133703 1.0088240383899536 0.9885391321123305
5087.066172146484 0.9952744702559392 0.988997167449035
5087.586443363704 0.9621343446022187 0.987851041758992
5088.106767790788 0.9318285752601347 0.985627797685855
5088.627145433203 0.955212593459774 0.9884708457530176
5089.147576296356 0.9930508963326733 0.9908791195181701
5089.668060385719 0.9894581585804849 0.9998657956890064
5090.188597706724 0.9988665653763756 1.0023129284145362
5090.7091882648165 1.0050905914903396 1.0077713655776555
5091.229832065432 1.020105704101961 1.0073922001538331
5091.750529114034 1.00199233060745 1.0069132825976064
5092.271279416059 0.9629991923613322 1.0054531578977117
5092.792082976953 0.9747139862983558 1.0047323783512037
5093.312939802155 0.9882894285499799 1.0049412855594393
5093.83384989713 0.9960203021559122 1.0051653255096435
5094.354813267317 0.9873110827676973 1.005842918430494
5094.8758299181645 1.012200429825623 1.0058319612045996
5095.396899855113 1.0015559107687868 1.0058447746904642
5095.91802308363 0.9858763032851507 1.0057234158922268
5096.439199609157 0.9540197422079085 1.005769079427635
5096.960429437136 0.9890555394942914 1.0077678105144543
5097.481712573045 1.0028188918919492 1.0083207841119042
5098.003049022301 0.9953226154674727 1.0097021286238748
5098.524438790381 0.9866338549033548 1.0095027354129393
5099.045881882733 0.9846295647875556 1.009330420045678
5099.567378304798 0.9871952117880086 1.0071030228604516
5100.08892806205 0.9951187338836479 1.0062833521481744
5100.610531159926 1.0135376264140579 1.0025576194450474
5101.132187603907 0.9987086112236502 1.0012275821406538
5101.653897399424 0.9730052786439229 0.9985945002963521
5102.17566055193 0.9752114841035661 0.9950500841699614
5102.697477066904 0.988888965356591 0.9929098650648029
5103.219346949792 0.9852213373875187 0.9880046865224833
5103.741270206053 0.9502684328810203 0.9878952411097341
5104.263246841137 0.9546694078391327 0.9892768835960318
5104.785276860519 0.9727719824403758 0.9929628988394379
5105.307360269653 0.9979868108052657 0.9973571559845901
5105.829497073997 1.0088219961763063 1.0021717973784001
5106.351687279004 1.0150542575684975 1.0039804154640832
5106.873930890153 0.9972545700215414 1.006141083160286
5107.396227912897 0.9810199478068796 1.0059947742180084
5107.918578352691 0.9685951804797464 1.0056817267404137
5108.440982215023 0.975041602516124 1.0054653134036857
5108.963439505322 0.9780263794694424 1.0052977226442563
5109.485950229079 0.9840473639631653 1.0044383623295008
5110.0085143917495 0.988103614681638 1.0036287663230516
5110.531131998799 0.9949624237830075 0.9983616610436967
5111.0538030556845 0.9819851176155844 0.9935510566675145
5111.5765275678905 0.9693967252354475 0.9856958623680909
5112.099305540875 0.9202496367480805 0.9800727871800057
5112.622136980106 0.9081816810802268 0.9772050370095152
5113.145021891042 0.9650101138995008 0.9811327224019429
5113.667960279171 0.9980902388280257 0.9820850889704956
5114.190952149942 0.988589500338168 0.9850013270074944
5114.713997508845 0.9722963377089857 0.9835066380078686
5115.237096361341 0.9755373250480964 0.9823679895782694
5115.7602487129 0.9921944254782402 0.9859591788155616
5116.283454568994 0.9911634086541904 0.9878574461762077
5116.806713935096 0.9743415712722581 0.999392738827508
5117.330026816669 0.9758785448668751 1.0015449850591331
5117.853393219203 0.9910987809420441 1.006211929627304
5118.376813148164 0.9622329136881775 1.0067843565736225
5118.900286609027 0.9746494977533267 1.0072875351869717
5119.423813607265 1.0105384772533474 1.0080418378121525
5119.947394148346 1.01770039236068 1.0083402857253314
5120.471028237764 1.0036078871665026 1.009142565668341
5120.9947158809855 1.005364705686139 1.009233020139985
5121.518457083488 0.9733101914449509 1.0093727663261678
5122.04225185074 0.9882550612628874 1.009815085417443
5122.56610018824 1.0206711744578987 1.0100176842654571
5123.090002101454 1.008248410905555 1.010116510773476
5123.613957595855 0.9783759285576388 1.009718578452322
5124.137966676941 0.9917075165627663 1.0086292493796596
5124.662029350182 1.005763536554122 1.007828125237918
5125.186145621059 1.0168093236603581 1.007153627345128
5125.7103154950555 1.0275086140950933 1.0061122805570744
5126.234538977643 1.0047150971131467 1.0054534358364555
5126.7588160743235 0.9986560594930856 1.0024298605429722
5127.28314679057 1.008661640477976 0.9985837376090095
5127.807531131867 0.9995481182489443 0.9930364172237041
5128.3319691036895 0.9830156304410058 0.9870223853259398
5128.856460711541 0.9746721798027892 0.9844536289495779
5129.381005960889 0.9818337214926539 0.9854118304946029
5129.9056048572465 0.9676980225593962 0.9870297056394943
5130.430257406073 0.9775902285295089 0.9913339473445915
5130.954963612856 1.0144078233130367 0.9913969565498268
5131.479723483091 1.0300450517207709 0.9914076264141136
5132.004537022287 0.9847588796041669 0.9874023655398726
5132.529404235904 0.9735435181945886 0.9863446377626826
5133.054325129431 0.9868827059328049 0.9844485246460304
5133.579299708377 0.9896745735997929 0.9852883913551176
5134.104327978223 0.9943323597645175 0.9865779052628383
5134.629409944462 0.9998773466477877 0.9900128245402222
5135.154545612574 1.0159548012203496 0.9917244303210373
5135.679734988072 1.0167974403710882 0.9978123491061133
5136.204978076436 0.9963915329966169 0.9989815856798007
5136.7302748831635 1.0007825079405643 1.0020838475581828
5137.255625413737 0.9983536382564803 1.001656372216919
5137.781029673671 0.9952604689692329 1.001454957903036
5138.306487668449 0.996636434013906 1.0001175485194478
5138.831999403568 0.9900996855814218 1.0002803934818927
5139.357564884515 0.9899123208534931 1.002995381022019
5139.883184116806 0.9991467740858058 1.0046601687187295
5140.408857105927 1.037049153140132 1.0070686961389737
5140.934583857369 1.010380772153989 1.0044972256426772
5141.460364376648 1.0114830311761964 1.0031245411347476
5141.986198669253 1.0001127073746805 0.9955485380277116
5142.512086740684 1.0144274477900106 0.9929270322595386
5143.038028596441 0.9984871136717399 0.9857326450282173
5143.564024242017 0.9767240267800572 0.980640896239716
5144.09007368293 0.93222587243596 0.9761735026053189
5144.616176924673 0.9575202432958821 0.9784312492318372
5145.142333972748 1.0197815581758634 0.9801077933706224
5145.668544832659 1.061285964607699 0.9897454699162139
5146.1948095099 1.0189497578622368 0.9891283061641839
5146.721128009993 0.9927596016459147 0.988660996820028
5147.247500338433 0.9962160750481143 0.9839173683233476
5147.773926500727 0.9950294426328621 0.9820759811737875
5148.300406502371 0.9963860029243392 0.9869616510540432
5148.826940348888 1.0097890597469057 0.9899529389175961
5149.353528045776 0.9969692311423879 0.9975964633527167
5149.880169598545 0.9778801436732112 0.9990736605889874
5150.406865012692 1.0139208553937362 1.0002575284932633
5150.9336142937345 1.0121971870698288 0.9980344510465808
5151.4604174471915 1.006872422704978 0.9973556484307382
5151.9872744785725 1.0348265808814519 0.9956461523639788
5152.514185393369 1.0323950811108964 0.9960811189804024
5153.041150197093 0.9985480366307907 0.9966277296814934
5153.568168895273 1.0184714829621306 0.9981035682563149
5154.095241493413 1.029453390403707 0.9985856639934055
5154.622367997014 1.024674168643735 0.993401662186909
5155.14954841161 1.0236452094917825 0.9899783004518863
5155.676782742706 1.0002153742952733 0.9816604648400482
5156.204070995813 0.9776611548567956 0.9782590121073345
5156.731413176448 0.9804375814058698 0.9757188938428331
5157.258809290117 1.0030359873463937 0.9786887952343882
5157.786259342353 1.0023265230634897 0.9798683547984567
5158.313763338666 0.9893668973874643 0.984414685548857
5158.84132128457 0.9860937596176814 0.9862278657724506
5159.368933185576 0.9665874998608207 0.9887704921310132
5159.896599047218 1.011052960657659 0.9932864759701806
5160.424318875007 1.0111095000731147 0.99526976034816
5160.952092674463 1.028843433463159 1.0016236242432712
5161.4799204510955 1.0174803060355884 1.0032828408706107
5162.0078022104435 1.0084318369526792 1.0064468142495278
5162.535737958019 1.015243544250703 1.0078311673426301
5163.063727699343 1.0181238222748192 1.0085479600944556
5163.591771439939 1.0115864881278118 1.0077664595407811
5164.119869185319 1.0202293678999654 1.0074265548768442
5164.648020941026 1.0360497972712484 1.0067100395575452
5165.176226712573 1.0179191620781527 1.0063914651586767
5165.704486505485 1.0089492042010102 1.0061578933337418
5166.232800325279 1.0010076772416405 1.0025386437388581
5166.761168177497 1.0194089325428772 1.0014382764412262
5167.289590067658 1.0092402045252091 0.9980247582735675
5167.818066001286 1.0044478013554432 0.9987050929120066
5168.346595983901 1.037271877152444 0.9991731943036397
5168.875180021048 1.025379311107125 0.9991604608124065
5169.403818118248 1.0124421433400772 0.9986920313652417
5169.932510281019 1.0171876552182078 0.9851711758668857
5170.461256514909 1.017572897945594 0.9745768683907741
5170.990056825439 0.9663144401168929 0.9488702460708116
5171.51891121814 0.9608152956390951 0.9234723120871074
5172.047819698543 0.8647215281379371 0.9053816550598712
5172.57678227217 0.8502919137735051 0.8913811280981231
5173.105798944573 0.916085715289621 0.8936890162681773
5173.634869721273 0.9194643026157014 0.9111358057159435
5174.163994607807 0.9246059719186036 0.9280146949962722
5174.693173609707 0.9752055170054592 0.9463035802491521
5175.222406732498 1.0038380582291526 0.958483488974312
5175.751693981734 1.0115038065637143 0.9597125671239721
5176.281035362942 0.9712801575681891 0.9380474618611823
5176.810430881657 0.9355371599173437 0.9261101237004232
5177.339880543408 0.8988538169024592 0.9064343675025658
5177.86938435375 0.8659560935782331 0.9122906827779487
5178.398942318213 0.8890561566075088 0.9157195675532599
5178.928554442334 0.9566570102923461 0.9579035596948898
5179.4582207316425 0.9827338301989389 0.968278610026512
5179.987941191698 1.0144005210698677 0.9944508416712393
5180.517715828031 1.0034152222065995 1.0012172529341685
5181.047544646183 0.9993541192279772 1.007188005633481
5181.577427651685 1.0224876903304745 1.0100286598245067
5182.107364850098 1.019865821202044 1.0108747548581003
5182.637356246954 1.0188131936708693 1.0117918259823162
5183.167401847798 1.0135562624624794 1.0114187433944237
5183.697501658164 0.9958692536017107 1.0108824702568686
5184.227655683612 0.9974618312987807 1.0089701068884154
5184.757863929673 1.0073541327157305 1.0082803389058603
5185.288126401916 1.0217792592907824 1.005687947807218
5185.818443105861 1.0064538357601844 1.0024290200767423
5186.348814047054 0.9988992167032247 0.9959698106939582
5186.879239231061 1.020140769964933 0.9746366379516515
5187.409718663419 1.010989833771289 0.963366048741814
5187.940252349677 0.9444842774058474 0.9192353273753333
5188.470840295376 0.829362863809731 0.9163365553495593
5189.001482506082 0.87114216940967 0.9109577462555839
5189.532178987335 0.9553482928959606 0.9345055436203438
5190.062929744688 1.0095475094990953 0.9515096804177023
5190.59373478368 1.0023570579961976 0.9857814571960354
5191.124594109882 0.9987835298545868 0.9922610760677962
5191.655507728838 1.00002441646234 1.0034482401750906
5192.18647564609 1.0034628017270961 1.0006845477398048
5192.717497867211 0.9973209399836468 0.9987976420732544
5193.248574397744 0.9820810605795748 0.9924949132585816
5193.779705243245 0.9716483385489222 0.991712297567381
5194.310890409268 0.9875952434539327 0.994221030039281
5194.84212990136 0.9965656676084017 0.9955600180791849
5195.373423725095 1.0050554223889598 0.996516466018016
5195.90477188602 0.9980477205945417 0.986877872255475
5196.436174389694 0.9750827811291246 0.9821706252246744
5196.967631241673 0.9303285125000452 0.966452367572679
5197.499142447507 0.9205894460701874 0.9671660213382957
5198.030708012773 0.9645105138885908 0.9687837129394004
5198.562327943022 1.016979297372751 0.975266253061587
5199.0940022438135 1.0018306949985811 0.9794412271899846
5199.625730920699 0.9817791804039279 0.983102728062439
5200.1575139792585 0.963627055197251 0.9845267062542452
5200.689351425044 0.9718178366797469 0.9879655570384294
5201.221243263618 0.9945870409935021 0.9926999063072235
5201.753189500535 0.991059183687689 0.9966481194835073
5202.285190141376 0.985084341509922 0.9992307588417629
5202.817245191696 1.0034755149096666 0.9994170498395836
5203.34935465706 1.0071854574187302 0.9988628671655152
5203.881518543024 0.9851285763667915 1.0004462249209185
5204.413736855172 1.0068213709913076 1.0026569835422117
5204.946009599061 1.022908874778692 1.0059626922713758
5205.478336780257 0.9948076649370324 1.007026863208752
5206.010718404321 0.9849185388000384 1.0052957914004284
5206.543154476837 0.9996645871807827 1.002955487693939
5207.075645003365 1.0084693507693239 0.9985560581397375
5207.608189989475 0.989088983369242 0.9933860739027944
5208.140789440737 0.9991130247749158 0.9905652672069157
5208.67344336271 1.009733122385862 0.9777977026398599
5209.2061517609845 0.9772845508732635 0.9727822672068339
5209.738914641123 0.9446550078322458 0.9616389437567607
5210.271732008698 0.9617796143760123 0.9582918865474254
5210.804603869272 0.9501230722529677 0.9562574926533312
5211.337530228437 0.9515368227231505 0.9629932409251105
5211.870511091757 0.9547309886100169 0.964323809808955
5212.403546464799 0.9750278889005424 0.9669892566406493
5212.9366363531535 0.96889625234297 0.9639683303372089
5213.469780762389 0.9067605300040201 0.9615420795046968
5214.002979698071 0.9212051266779897 0.964722740119515
5214.536233165804 0.9776435974825946 0.967494459191298
5215.069541171129 0.977889263698629 0.9793035013646475
5215.60290371965 0.9734661494016688 0.9856260598454651
5216.136320816939 0.9799095642657786 0.9933063661424026
5216.669792468571 0.9942978455741028 1.0027055832393155
5217.203318680119 0.9842669788147952 1.006385347315804
5217.736899457181 0.997105849783312 1.0140656611316616
5218.270534805327 1.0029072644982067 1.0147248306437082
5218.80422473013 1.0022065417595332 1.0153861519994274
5219.3379692372 0.9835722128962594 1.0095857389163811
5219.871768332081 0.9781822504107236 1.0065933310203397
5220.405622020376 1.0217330396967412 0.9923184823303813
5220.939530307685 0.9882643385737715 0.9900735507257259
5221.473493199566 0.9675955956737446 0.9857079176554275
5222.007510701603 0.9944549836674833 0.991383922629957
5222.541582819399 1.001478204065834 0.9944491145980057
5223.075709558531 1.0107721632602789 1.0078613635043425
5223.609890924586 1.0215081491914946 1.0101779852931574
5224.14412692314 1.017467318107444 1.0155154843577698
5224.6784175598 1.0295822802286783 1.0168599047256366
5225.212762840146 1.0094950922519832 1.0180050344311629
5225.747162769764 1.0085657987483698 1.020768715388635
5226.281617354235 1.0301638642236546 1.0215221704549138
5226.816126599159 1.0211207515944418 1.0229920951330753
5227.350690510144 1.0013011999457544 1.021228939658392
5227.885309092753 1.000880593183675 1.0197289439487258
5228.419982352577 0.9869110935655536 1.0133320885341295
5228.954710295227 1.0160342860435743 1.0100151318134114
5229.489492926287 1.012949422197656 0.9982368920229712
5230.02433025135 0.9930057503318881 0.986039010879852
5230.559222276009 0.9893395114083909 0.9723561178267731
5231.094169005849 0.9573873305572543 0.9482440658054069
5231.629170446485 0.921047875962289 0.9415568061512811
5232.1642266035005 0.9212510121724399 0.9367450796376519
5232.699337482493 0.9788952753426403 0.9497459412044469
5233.234503089051 0.9976398611553986 0.9668091360308785
5233.769723428788 0.9892439072235663 0.9900801155049159
5234.304998507294 0.9882570949742511 0.9986580112020846
5234.840328330167 0.9879076893682698 1.0097981794879738
5235.3757129029955 0.9801272226386496 1.01039082324617
5235.9111522314 1.0088235992304526 1.0114533628193478
5236.446646320968 1.0218550237930097 1.006500032009279
5236.982195177303 1.0256118623041193 1.003956659949504
5237.517798805996 0.9996255684687031 0.987955461202076
5238.053457212666 0.9429546338425433 0.9857892153487999
5238.589170402907 0.9474164162616523 0.9810523694213237
5239.124938382323 0.997821213801833 0.9865491443106286
5239.660761156507 0.9873235088150972 0.9893613068033197
5240.196638731081 0.9743439297747176 1.0024137133415885
5240.732571111642 1.012489983570818 1.0056655639235508
5241.268558303794 1.0296754690000702 1.013395453809177
5241.804600313142 1.0315084646700614 1.0160728367111074
5242.340697145286 1.0145356373184642 1.0181120878839682
5242.876848805849 1.0190683245105632 1.0181873730584197
5243.413055300429 1.0165215257915474 1.0177375117948166
5243.949316634636 1.009298901404423 1.015753600829465
5244.485632814067 0.9810052768739391 1.0148418998132438
5245.022003844351 0.9907992812645307 1.0139751138040833
5245.55842973109 1.0421247739702222 1.0150649571525512
5246.094910479891 1.0250512915126866 1.0153142937845714
5246.631446096359 0.9988421789076111 1.0162437936953628
5247.168036586121 1.0076899470053495 1.015854621690145
5247.704681954782 1.0110969379382329 1.0158040537706514
5248.241382207954 0.9943594328439639 1.017169602232959
5248.778137351242 0.992156319513812 1.018108787888718
5249.314947390276 0.997684263231202 1.020340195873711
5249.851812330663 1.0033543138347787 1.0197071278387257
5250.388732178017 1.0385452364927785 1.0187839796283762
5250.925706937945 1.0344437778578564 1.0104934867155557
5251.46273661608 0.9846047227886585 1.0071625622008775
5251.999821218032 0.9658644104075033 0.9981596700999452
5252.536960749416 0.9610062023274608 0.9985735100847224
5253.0741552158415 0.9902039692842868 0.9987956448147707
5253.611404622945 0.9919653531504021 1.0012484077199133
5254.148708976337 0.9780184152642754 1.0010308390635885
5254.686068281637 0.9573319743480553 0.9952789727030609
5255.223482544464 0.9496226889735149 0.9923505298458214
5255.7609517704295 0.9762830952025955 0.9886760505071903
5256.298475965175 1.0001167549098322 0.9927218972333692
5256.836055134311 1.003954421897814 0.994960581446794
5257.373689283462 1.0247356207578713 1.0043592963239993
5257.91137841824 1.0173251607436264 1.005803687725472
5258.449122544287 1.0019303949119156 1.0081086161218016
5258.98692166722 1.0272389302749565 1.0050134854981818
5259.524775792661 1.0229825806068966 1.0039054264475413
5260.062684926228 0.9611153247566506 1.0008632741203498
5260.600649073564 1.0003234585396994 1.0036605547817152
5261.138668240288 1.0113628876658938 1.0077534941748973
5261.676742432025 0.9952893247557947 1.015024075014731
5262.214871654394 0.9895623843775114 1.0180241221164754
5262.753055913043 1.0046628949967755 1.021821532336875
5263.291295213589 1.0112762033831748 1.0213384035560575
5263.829589561664 1.0054487988763823 1.0208143262590117
5264.367938962887 1.000292783244316 1.0187507408374346
5264.9063434229065 1.011093625569586 1.0179463860475555
5265.444802947346 1.0093827042033936 1.0119894611591795
5265.983317541836 1.023972682893289 1.0082133705940823
5266.521887212009 1.0385638392751482 1.000198721236626
5267.060511963488 1.0012023335802795 0.9925515679945924
5267.599191801925 1.0105811851536204 0.9885201758303518
5268.137926732947 1.0282563537140974 0.9814269825729668
5268.676716762185 0.97982078933142 0.9798335501117252
5269.215561895266 0.977210086603427 0.9766533669271293
5269.754462137845 0.9975825957884423 0.9733692368858132
5270.293417495548 0.979601705074471 0.971965292446849
5270.832427974013 0.9806863503351105 0.9695830609933107
5271.371493578867 0.9715308078742443 0.9727780360337801
5271.910614315767 0.9774943747779592 0.9786316402782393
5272.449790190341 0.9973788603245964 0.9838179276610836
5272.989021208231 1.0114092449017071 0.9860118999905183
5273.528307375064 1.0019537563898966 0.9652866243329262
5274.067648696502 0.9665776009620505 0.9537939857659241
5274.607045178174 0.9091368797090918 0.9289984794090826
5275.146496825723 0.8658684415125159 0.9296072386375853
5275.6860036447815 0.9031168893421543 0.9305312896574092
5276.225565641001 0.9681060752327988 0.9673342261126793
5276.765182820033 1.024628739821503 0.9770197385121225
5277.304855187524 1.0389843642845156 0.9976934879002212
5277.844582749087 1.0292616324390247 1.0001197783806777
5278.3843655103965 1.0410348601449435 1.0022805059411999
5278.92420347709 1.0178998675269761 1.0018125397828697
5279.46409665481 0.9808748898467838 1.0018574986305668
5280.004045049207 1.0141706347456854 1.0010642020320601
5280.544048665916 1.0184053496985082 1.0002762583091205
5281.0841075106055 0.9847368675587667 0.9998149287729732
5281.624221588913 0.9761149225596913 1.0066320487747824
5282.164390906488 1.0110601524563403 1.0101673379846385
5282.704615468971 1.0480626201386734 1.0184239266013333
5283.24489528203 1.0490605019683767 1.0214643620892523
5283.785230351306 1.0407998395619695 1.0237455705329226
5284.325620682453 1.0440898146088713 1.0226653568258919
5284.86606628111 1.0140461611717686 1.0215618317308155
5285.40656715295 1.0026101938569936 1.0179116419827945
5285.947123303616 1.0290606677434824 1.0132805927415878
5286.487734738761 0.9968274090502003 1.0101255694067843
5287.028401464031 0.9998216117373965 1.003361634032787
5287.569123485099 1.0100981205745163 1.0018366912590966
5288.109900807611 0.9872139738610578 0.9987751594707324
5288.650733437222 0.9870694255445485 0.9999140127633902
5289.191621379589 0.9942701430292206 1.0009644621661402
5289.732564640361 1.0211916254046047 1.0109839675866303
5290.2735632252125 1.0326382185828646 1.0151550368715774
5290.814617139793 1.0281925120817066 1.0240143073433994
5291.355726389761 1.0289598814055323 1.0274301532829366
5291.896890980766 1.0360234100727503 1.029748587782285
5292.438110918488 1.0054522599969336 1.0293560708267107
5292.979386208577 1.0141773829406013 1.0290789817684096
5293.520716856695 1.0147439278315686 1.0279775935737916
5294.062102868494 1.0274824361414674 1.028286992227279
5294.603544249654 1.0509400690988215 1.0285398807636201
5295.14504100583 1.0209751914932437 1.0297984658417618
5295.686593142684 1.0033866865405145 1.029981182937914
5296.228200665871 1.0340193561607776 1.0300609405751917
5296.769863581074 1.0456276870548278 1.0295323048862257
5297.31158189395 1.038923340211285 1.0294016190195263
5297.853355610164 1.0272528851547604 1.0282077773507405
5298.395184735372 1.0118503940527037 1.028456394859305
5298.937069275261 1.0119416778254984 1.0285047082036696
5299.479009235488 1.0547514308285744 1.0284989060958658
